3.75
35.49
2.30
21.88
3.27
12.24
6.15
9.10
28.57
2.30
100.00
2.06
2.31
3.12
100.00
3.66
4.06
17.95
38.89
3.46
0.40
3.67
9.83
2.43
2.98
7.10
4.81
1.74
2.14
3.11
0.82
2.10
1.32
0.32
18.60
0.74
3.58
0.82
4.88
1.36
38.45
17.65
3.18
1.58
2.18
8.54
20.42
4.42
0.44
5.32
6.09
4.49
0.70
0.56
9.09
77.78
4.28
3.10
4.62
2.48
4.42
2.07
4.93
6.10
5.18
5.20
3.94
22.46
10.46
1.96
4.76
6.90
2.72
3.34
4.10
21.22
1.66
0.78
8.78
5.16
1.94
4.02
5.48
4.16
0.80
3.77
3.98
1.06
1.02
6.74
1.48
12.82
14.59
2.44
2.48
1.56
3.32
0.96
24.44
4.18
0.09
0.02
0.00
0.05
0.00
0.02
0.01
0.02
0.05
0.02
