747

1017

189

2628

2331

452

1050

689

96

90

191

49

164

1270

331

2280

889

353

75

94

2441

1152

1944

345

360

99

1150

284

96

281

648

195

2076

2080

90

165

65

679

95

1151

827

373

394

187

296

1194

92

1378

64

471

58

197

1650

1391

2538

1206

694

49

1415

196

2273

448

590

1168

1815

1534

189

188

2242

65

371

84

172

284

64

2715

681

942

1154

217

1443

1338

839

2765

574

714

122

1092

25

3240

64

93

515

83

1170

512

1075

1549

643

1785

81

2385

1461

412

721

2735

864

744

162

861

108

62

447

1270

1690

1197

333

2248

45

1812

585

1627

2695

133

19

196

422

957

561

451

33

1919

280

603

280

731

1188

45

492

1068

752

369

1650

1675

47

1425

1419

2533

1787

558

1274

267

99

1222

1743

88

387

2881

678

2302

580

656

301

196

16

60

602

428

1388

709

334

2412

196

2846

170

654

2352

1702

1729

3094

777

1339

2317

970

413

2650

237

156

2601

99

2549

521

88

311

241

2381

2396

1086

1366

525

1072

155

440

589

100

93

3107

141

85

2156

1038

195

1175

197

400

883

239

2409

1557

470

94

2831

2431

389

975

62

1684

366

366

1431

50

2183

277

895

