58 41
1.07
0.54
0.54
2.95
2.68
2.68
2.68
1.07
2.41
2.95
2.95
1.34
2.14
1.61
0.54
2.95
0.54
2.41
0.80
1.61
2.68
0.27
1.07
0.27
0.80
2.68
1.34
1.61
0.54
2.95
1.07
2.14
2.68
1.61
1.88
0.54
1.07
1.34
0.54
2.14
1.88
1.07
2.95
2.41
1.61
1.61
2.68
0.80
1.88
2.95
2.14
2.41
1.61
0.54
2.14
0.54
2.95
2.15
7 5
9.84
16.39
18.03
18.03
18.03
14.75
4.93
69 6
1.61
1.84
0.69
1.38
0.46
1.15
1.61
2.30
1.84
1.15
1.15
2.30
0.92
1.84
0.69
0.69
0.46
2.07
2.30
1.61
2.30
1.61
1.15
1.84
2.30
0.23
1.61
2.30
1.38
0.92
0.46
0.92
0.46
1.84
2.07
1.61
0.69
2.53
2.30
2.53
2.07
1.61
0.69
0.46
1.61
2.53
2.07
0.69
2.53
0.46
2.30
1.15
0.23
2.30
0.23
2.53
1.61
2.53
0.23
1.15
1.61
0.92
1.84
2.53
0.92
2.53
0.23
0.46
0.87
10 3
15.62
4.69
10.94
6.25
7.81
17.19
14.06
4.69
3.12
15.63
48 29
0.66
2.62
1.31
2.95
0.66
0.66
3.61
1.31
3.61
1.97
2.62
3.61
2.95
1.64
3.28
3.28
2.62
0.66
2.30
2.30
3.61
1.31
1.31
1.31
2.62
1.97
0.98
0.98
1.64
3.61
2.95
3.28
2.30
0.33
0.66
2.62
3.28
2.95
2.62
0.33
1.64
1.97
3.61
0.33
3.61
1.64
1.64
0.28
18 12
2.04
2.04
3.06
11.22
10.20
11.22
3.06
4.08
1.02
5.10
5.10
6.12
2.04
5.10
6.12
6.12
5.10
11.26
52 34
3.08
3.08
3.08
0.84
1.68
3.08
0.56
1.40
1.96
0.56
0.28
2.80
0.56
2.80
1.68
3.08
2.24
1.96
2.80
1.68
1.96
0.28
3.08
0.56
1.40
2.80
1.68
1.68
0.28
3.08
3.08
0.56
3.08
3.08
3.08
0.84
0.56
3.08
3.08
3.08
0.28
1.96
2.52
1.96
1.40
2.24
2.80
0.84
0.84
3.08
1.96
0.60
11 8
3.03
15.15
15.15
9.09
9.09
12.12
7.58
4.55
7.58
12.12
4.54
3 3
62.50
12.50
25.00
29 25
4.60
0.57
2.30
6.32
5.17
1.15
4.60
5.75
0.57
4.60
6.32
2.30
1.72
2.30
4.60
6.32
3.45
1.15
3.45
4.02
6.32
4.60
1.72
0.57
1.15
5.75
4.02
4.02
0.59
1 1
100.00
87 54
0.21
1.44
0.21
1.03
1.24
1.65
0.41
1.86
0.21
1.86
0.62
0.82
0.21
0.62
0.21
2.27
0.41
1.44
0.21
0.82
0.82
1.86
2.06
0.82
0.62
2.27
2.06
1.03
2.27
0.21
0.82
0.41
1.65
1.44
1.86
1.24
1.24
0.82
1.03
1.03
1.44
2.06
0.82
1.86
2.06
1.24
0.62
1.65
2.06
2.27
0.62
1.44
2.27
1.03
1.86
0.62
0.41
0.41
0.82
0.41
0.41
1.65
1.65
1.65
0.82
0.62
1.65
1.86
0.62
2.27
0.21
0.21
1.03
1.24
0.82
1.86
2.06
0.41
1.03
2.06
0.41
1.03
1.86
0.82
0.62
1.44
0.41
52 34
2.90
1.74
0.58
3.19
3.19
1.16
3.19
0.29
1.74
2.32
2.90
2.32
0.58
1.45
2.61
1.16
2.03
3.19
1.45
2.90
2.61
1.74
0.87
1.74
3.19
0.58
2.32
2.03
1.74
0.87
2.61
0.58
2.32
1.16
0.87
3.19
3.19
1.45
1.16
1.74
0.29
2.61
2.90
0.58
2.90
2.90
1.74
1.16
2.90
2.32
2.32
0.53
61 13
0.26
1.82
0.26
2.60
2.86
2.60
2.86
1.04
0.52
1.82
2.60
2.86
1.56
2.86
1.56
2.86
2.34
1.56
0.52
2.08
2.08
2.34
0.26
2.34
0.52
1.30
0.52
0.78
1.04
2.34
2.86
0.26
2.60
0.78
2.86
0.52
2.34
0.78
1.04
2.34
2.86
0.52
1.82
2.08
1.56
0.78
2.08
2.34
0.52
1.04
2.86
1.56
2.86
0.52
0.78
1.04
0.78
1.30
1.82
2.86
0.68
1 1
100.00
87 79
0.61
1.83
1.83
0.81
0.81
0.81
2.24
1.43
1.22
1.63
1.22
2.04
1.02
0.61
0.81
1.63
0.61
0.41
0.20
0.41
2.04
1.22
1.22
1.63
0.41
0.20
0.81
0.61
0.81
1.63
0.81
1.63
0.61
2.04
1.43
0.81
2.04
2.04
0.61
0.41
0.41
2.24
2.04
1.63
0.81
1.83
0.81
0.81
1.22
1.43
1.22
2.04
0.20
1.22
1.63
0.20
0.41
1.63
1.63
1.22
1.22
0.61
0.20
1.63
0.61
0.61
0.81
2.04
1.43
0.20
0.61
1.83
1.22
1.83
1.02
1.63
1.83
1.02
1.83
0.81
0.41
1.83
0.20
1.43
1.02
0.20
2.10
22 18
4.73
4.05
4.73
1.35
7.43
2.70
7.43
6.08
3.38
6.08
7.43
5.41
4.73
3.38
5.41
2.03
3.38
2.03
6.76
5.41
0.68
5.39
13 9
7.79
6.49
7.79
14.29
12.99
6.49
7.79
10.39
9.09
9.09
2.60
2.60
2.60
4 1
31.82
50.00
4.55
13.63
60 2
0.86
1.73
1.15
0.29
2.88
3.17
0.58
2.59
1.73
2.59
3.17
3.17
1.44
2.02
2.02
2.88
0.58
0.29
1.15
0.29
2.02
2.59
2.88
0.29
0.29
0.29
2.31
0.58
0.58
2.59
0.86
3.17
1.44
2.31
3.17
0.58
0.58
2.59
0.29
0.58
2.88
2.31
2.02
0.58
2.59
2.31
2.31
1.73
0.86
2.88
0.29
0.86
3.17
1.73
2.31
1.44
0.86
1.44
1.73
1.13
76 42
0.41
1.64
0.41
0.41
0.82
1.43
0.61
1.64
1.23
2.25
2.25
1.64
1.02
1.23
2.04
1.84
2.25
2.04
0.61
0.41
1.64
1.43
0.61
1.84
2.25
0.82
2.25
0.82
2.04
1.23
1.84
2.04
0.41
1.64
1.64
1.84
0.82
1.84
0.82
0.82
1.84
0.20
1.02
1.43
0.20
2.25
0.20
0.82
1.02
1.64
2.25
2.04
1.02
1.43
1.84
2.25
0.41
1.43
1.64
0.41
1.23
0.82
1.23
0.41
1.84
1.64
0.61
0.82
1.84
0.41
1.84
2.25
1.02
2.25
0.61
1.02
77 23
1.61
1.38
1.84
0.69
2.07
1.38
0.69
0.92
1.84
1.38
2.30
1.38
0.46
1.38
2.53
0.46
2.30
2.30
1.15
0.69
2.53
2.53
1.84
0.92
0.92
0.23
0.69
0.46
2.30
0.69
2.53
0.69
2.07
1.15
0.69
2.53
1.84
1.15
0.23
0.23
0.92
1.15
2.53
0.46
1.15
1.84
2.07
2.30
0.46
2.30
0.92
2.07
0.23
1.15
1.38
0.46
0.92
1.61
0.23
1.84
0.46
1.61
1.61
0.92
1.15
0.92
0.23
0.23
0.92
1.61
0.92
1.61
0.69
0.46
1.38
2.30
2.02
36 7
2.69
2.24
2.69
4.48
3.59
1.35
4.93
0.90
1.35
3.14
2.69
4.04
2.69
2.69
4.93
0.90
2.69
0.90
4.93
1.35
3.59
3.59
4.48
0.90
0.45
4.04
1.79
4.93
2.24
0.90
1.35
2.69
1.35
2.69
4.93
4.91
14 1
1.23
1.23
6.17
6.17
13.58
13.58
8.64
3.70
7.41
8.64
3.70
2.47
9.88
13.60
24 11
2.99
1.49
8.21
2.99
2.24
3.73
6.72
2.24
4.48
3.73
1.49
3.73
7.46
7.46
2.24
0.75
4.48
1.49
3.73
4.48
8.21
6.72
3.73
5.21
46 6
3.91
0.36
3.20
2.14
3.56
3.56
3.91
1.42
1.42
3.91
2.14
1.78
2.49
3.56
2.85
3.20
3.91
0.36
2.85
3.91
0.36
3.20
0.36
1.07
2.85
1.07
3.20
0.71
3.20
2.85
1.78
2.14
0.71
1.07
1.07
1.07
2.85
1.07
3.20
1.07
2.49
1.07
1.78
1.78
3.20
0.34
51 27
1.72
1.37
1.72
1.03
1.72
1.03
0.69
1.72
1.37
2.06
1.72
2.41
1.72
2.75
2.75
0.69
2.41
2.75
1.03
1.03
2.75
0.69
3.09
0.69
3.78
0.34
2.41
2.75
1.03
3.09
2.75
2.75
1.72
1.03
1.03
1.03
2.41
3.09
2.75
3.78
2.75
1.72
1.37
0.34
3.09
1.03
3.09
3.78
1.03
3.44
1.71
80 70
1.73
1.08
0.43
0.22
2.38
1.30
1.30
1.30
0.22
0.65
1.08
1.08
1.95
0.43
1.52
0.65
0.87
1.52
0.22
2.16
1.95
1.08
0.87
2.16
1.08
0.87
1.30
0.22
1.30
1.08
1.08
0.22
2.16
0.87
0.65
2.16
1.95
1.30
1.08
1.30
2.16
1.08
0.65
0.87
0.43
1.08
1.30
1.73
1.30
2.38
0.22
1.95
0.87
2.38
2.16
1.08
1.52
1.73
0.22
0.22
1.95
2.16
2.16
1.52
1.30
1.52
0.87
0.43
0.22
0.87
0.87
1.73
1.52
1.52
1.08
1.95
1.95
1.30
1.52
1.46
46 33
1.07
1.43
3.57
2.14
1.43
1.79
2.14
1.43
0.71
2.14
3.21
2.86
2.50
0.71
2.14
1.43
3.21
2.50
2.86
2.14
3.57
2.14
0.71
2.86
0.36
0.36
1.79
2.14
3.93
1.43
2.14
2.86
1.07
2.50
1.43
1.07
0.71
3.57
3.93
2.14
2.86
3.57
1.79
2.50
3.21
3.95
43 33
1.56
4.28
3.50
0.78
3.11
3.89
1.56
1.56
4.28
1.17
2.33
0.78
0.39
1.56
3.50
1.95
3.50
2.72
2.72
4.28
2.33
3.11
1.17
4.28
3.89
0.39
0.78
1.17
3.11
1.56
0.39
0.39
1.56
1.17
1.95
3.11
1.56
4.28
4.28
3.89
4.28
1.17
0.76
80 24
0.61
1.02
1.43
1.22
2.04
1.43
1.43
0.61
0.20
0.20
1.43
0.61
0.82
2.24
2.04
1.63
0.20
1.63
1.84
0.82
2.24
2.24
1.22
0.41
0.82
1.43
0.20
1.84
0.82
1.02
1.84
0.61
2.24
1.63
0.41
1.02
0.61
0.61
0.61
0.20
1.43
2.24
0.82
1.63
0.82
0.82
1.22
2.04
0.20
0.61
2.04
1.43
0.20
1.63
1.43
0.82
0.82
2.24
1.22
1.63
1.84
1.63
2.04
0.82
2.04
1.63
1.84
1.84
1.63
1.63
1.02
1.84
1.43
0.20
1.43
0.20
2.24
2.04
0.61
1.29
58 28
0.52
2.62
1.57
0.52
2.36
2.89
2.62
2.62
1.57
0.79
2.62
0.52
0.26
1.31
2.10
1.05
0.52
1.05
2.62
2.89
1.57
2.89
0.52
1.57
2.89
2.89
0.52
1.05
0.79
1.31
1.84
2.10
2.62
2.10
2.62
2.62
0.79
1.05
1.31
2.10
1.84
0.26
2.36
0.26
2.89
0.79
2.10
2.62
0.79
2.62
1.57
1.84
2.36
2.62
0.26
1.31
2.36
2.98
93 35
0.83
1.65
1.32
1.32
1.16
1.49
1.65
1.32
1.65
0.33
1.32
1.49
1.16
0.66
0.33
1.49
1.49
0.33
1.82
1.65
0.50
1.32
0.33
0.17
1.82
0.99
0.17
0.99
1.82
1.32
0.99
1.49
0.17
1.16
0.66
1.82
1.49
0.33
0.66
0.33
1.16
1.32
0.17
1.65
0.99
1.16
1.32
0.17
1.65
1.49
1.16
1.16
1.49
1.16
1.49
1.16
1.49
0.66
0.33
1.82
1.49
1.16
0.33
1.16
0.33
1.82
1.32
0.99
0.83
0.33
0.50
1.82
0.50
0.83
1.82
0.66
1.49
0.66
1.49
1.32
0.50
1.49
1.16
1.49
1.65
0.33
0.99
1.65
0.17
0.66
1.32
0.17
1.58
99 37
0.49
1.46
1.14
0.81
1.79
1.30
0.65
0.16
0.49
0.81
0.33
0.65
1.79
0.33
0.16
0.81
1.46
1.79
1.63
1.79
1.63
1.63
1.30
0.81
1.79
0.81
1.79
1.79
1.63
0.81
0.33
1.14
1.14
0.49
1.14
0.98
0.16
1.46
0.49
0.33
1.46
0.33
0.16
0.16
0.81
1.63
0.16
0.49
1.79
0.81
0.65
0.33
1.63
1.30
0.49
0.65
1.79
1.79
0.49
0.16
1.46
0.98
1.46
1.30
1.14
0.49
0.49
0.81
1.63
1.30
0.49
1.63
1.46
0.65
1.63
1.14
0.33
1.63
0.49
1.30
1.46
0.65
1.46
0.81
1.46
1.79
0.16
0.65
0.33
1.14
1.46
0.49
1.14
0.65
0.98
1.30
0.98
1.14
1.57
16 10
1.16
11.63
4.65
1.16
9.30
2.33
9.30
3.49
1.16
9.30
9.30
11.63
9.30
2.33
4.65
9.31
86 36
2.05
1.87
0.37
1.87
1.68
1.49
1.49
0.37
1.12
1.12
1.12
1.12
1.87
0.93
0.56
1.49
0.93
2.05
0.37
0.93
2.05
1.68
0.19
0.75
1.49
1.12
0.75
0.93
2.05
1.49
1.31
0.75
1.12
1.49
0.93
0.37
0.56
0.56
1.49
1.12
0.19
1.87
0.37
1.49
0.75
1.49
1.87
1.12
1.49
0.37
1.49
1.12
0.75
1.49
0.19
0.19
0.75
1.68
2.05
0.75
1.49
0.19
1.68
1.31
1.12
1.12
1.87
2.05
0.37
1.31
0.56
1.68
1.87
0.37
1.68
0.56
2.05
0.19
1.12
1.87
1.49
1.12
1.49
0.37
0.93
1.67
62 49
2.30
1.79
2.55
2.81
0.26
1.28
0.51
1.28
2.55
2.30
1.28
1.28
0.77
0.51
2.04
1.02
1.02
2.04
2.81
1.53
1.28
1.53
1.02
1.79
0.77
1.02
2.55
1.28
2.30
1.02
1.79
2.04
2.30
1.79
2.81
0.77
1.79
1.02
0.77
2.30
2.04
0.26
2.30
2.55
1.79
2.55
1.53
1.53
1.79
1.02
1.79
1.02
1.79
2.04
0.51
0.26
0.77
1.53
2.81
2.55
1.79
1.91
87 32
1.45
1.86
1.24
2.07
2.07
0.41
0.62
0.41
1.24
1.24
0.21
1.45
1.24
0.83
1.04
1.45
2.07
2.28
0.21
1.86
1.86
1.24
0.41
1.45
2.28
0.83
2.07
2.07
0.83
2.07
0.41
0.41
2.07
0.21
1.66
1.04
1.24
1.66
1.04
1.86
1.86
1.24
0.21
1.86
1.24
0.41
0.21
0.41
1.66
1.24
1.66
0.21
1.66
0.21
2.07
0.41
0.62
1.45
1.45
1.04
2.07
0.21
1.66
0.83
1.04
0.41
1.86
0.21
0.21
1.24
1.24
2.28
0.21
1.24
0.62
1.04
1.86
1.04
0.41
1.04
0.21
1.86
0.83
0.83
1.86
0.21
0.40
16 15
2.47
7.41
7.41
12.35
8.64
2.47
6.17
13.58
3.70
8.64
1.23
7.41
12.35
1.23
2.47
2.47
28 8
5.41
0.68
6.08
2.70
2.03
7.43
5.41
0.68
1.35
6.08
2.03
6.76
6.76
2.70
1.35
4.05
4.05
4.73
6.08
3.38
0.68
5.41
4.05
1.35
1.35
2.70
2.03
2.69
7 4
15.38
13.46
19.23
19.23
13.46
7.69
11.55
20 1
9.00
1.00
1.00
7.00
4.00
11.00
9.00
3.00
3.00
7.00
6.00
2.00
2.00
3.00
8.00
6.00
3.00
10.00
4.00
1.00
101 31
1.11
1.59
0.95
0.16
1.11
1.27
1.11
1.75
0.79
0.63
0.32
1.11
0.48
1.11
1.11
0.95
0.32
1.75
0.32
1.11
1.11
0.95
1.27
0.95
0.95
0.79
0.63
1.59
1.27
0.63
1.59
1.59
0.95
0.63
0.95
0.63
0.79
1.11
1.75
0.95
1.75
0.48
0.79
1.75
0.48
0.32
1.43
0.63
0.32
1.75
0.95
1.27
1.11
1.27
1.11
1.75
1.75
1.59
0.16
1.59
0.48
0.32
0.95
0.32
1.59
1.59
0.63
1.43
0.32
1.11
1.59
1.27
1.59
0.16
0.95
0.32
0.32
0.95
0.95
1.59
0.63
0.95
0.16
1.11
1.43
0.63
1.27
1.43
0.16
0.32
1.43
0.16
1.75
0.63
0.79
1.11
0.79
0.95
1.59
0.48
1.42
26 9
0.79
2.38
2.38
5.56
7.14
5.56
0.79
2.38
0.79
5.56
0.79
6.35
7.14
1.59
3.97
1.59
7.94
1.59
7.14
2.38
2.38
3.17
7.14
1.59
3.17
8.74
81 7
0.87
2.18
0.66
1.09
0.87
2.40
1.09
0.87
1.31
1.97
1.09
1.75
0.44
0.22
1.53
0.44
2.18
0.87
1.97
0.66
1.75
1.53
0.44
1.31
1.09
0.66
1.31
0.44
0.66
1.75
1.75
1.31
1.97
2.18
0.66
0.22
1.53
2.40
0.22
1.75
2.40
1.75
0.22
1.53
0.22
1.31
1.53
0.66
1.75
1.53
2.40
1.09
1.75
1.97
1.97
0.87
2.18
1.97
0.22
0.44
1.75
0.44
0.87
0.44
0.44
0.66
1.75
0.66
1.31
1.97
0.44
0.22
1.53
0.44
0.87
1.09
1.75
2.40
1.09
1.31
1.42
41 29
4.70
1.28
2.56
2.56
3.42
2.99
2.14
4.70
1.28
1.71
1.71
1.71
1.71
2.99
1.71
3.42
1.28
3.42
0.43
1.71
4.27
2.14
4.27
3.42
0.43
3.85
2.56
0.85
4.27
2.14
2.56
0.85
2.56
3.85
1.28
2.14
2.56
1.28
0.85
2.99
3.45
17 2
10.31
10.31
5.15
2.06
2.06
2.06
6.19
9.28
1.03
8.25
5.15
8.25
2.06
5.15
6.19
5.15
11.35
69 39
2.46
0.49
0.49
0.74
0.25
1.23
1.23
2.70
1.47
1.23
1.72
2.21
2.46
1.23
0.25
1.72
0.74
1.72
0.98
2.21
0.74
2.46
1.47
0.25
0.25
2.46
1.97
2.46
1.23
2.70
1.23
0.74
2.21
0.98
1.72
2.21
1.47
2.21
2.21
0.49
1.23
1.23
1.72
1.23
2.70
1.47
1.97
1.47
2.21
0.74
1.72
0.74
1.47
0.98
0.74
1.47
0.74
2.70
2.70
0.25
0.74
0.49
2.21
1.47
0.25
1.47
1.97
2.70
0.23
77 4
0.44
1.31
0.44
0.22
0.22
0.87
0.87
0.87
2.40
0.65
0.22
2.18
0.87
1.53
0.44
2.40
1.09
2.18
2.40
1.74
1.74
1.53
0.22
1.31
0.44
1.74
1.09
2.40
1.74
1.74
0.44
0.65
1.31
1.53
2.40
1.09
0.44
1.53
1.31
2.18
1.09
2.18
1.09
2.40
1.53
2.40
0.44
1.31
2.18
0.44
1.09
1.74
0.22
1.09
1.53
1.31
0.65
1.74
2.18
0.44
1.53
1.31
1.53
1.53
0.44
2.18
2.18
0.22
0.44
1.53
1.09
1.53
1.53
1.09
1.31
1.96
1.38
64 55
2.07
2.96
1.18
0.59
0.89
1.48
2.66
1.78
2.96
0.30
2.66
2.66
0.59
0.89
2.37
2.37
1.48
1.78
2.07
2.66
1.48
2.37
2.96
2.96
1.48
2.96
1.78
2.96
0.30
0.30
1.18
1.48
2.07
0.30
0.30
0.30
0.59
1.78
1.18
1.78
0.30
1.48
1.18
0.30
0.59
1.48
2.66
2.37
0.59
1.18
0.89
0.30
1.18
2.37
2.66
0.89
2.37
1.48
2.07
1.18
2.66
1.18
1.48
0.25
48 15
1.02
2.37
3.39
0.68
0.34
2.71
3.05
3.73
1.69
1.02
3.39
1.02
1.69
3.39
3.05
1.02
2.71
0.34
1.02
3.39
2.37
2.03
2.37
0.68
2.71
3.39
2.03
3.39
2.03
2.71
1.69
2.03
2.37
3.39
3.05
3.05
2.03
0.68
2.71
0.34
1.69
2.03
1.69
1.69
3.05
1.36
1.02
1.40
50 46
2.25
0.32
1.93
2.57
2.57
1.61
1.29
0.32
0.32
0.32
1.61
1.29
1.93
2.25
3.54
3.54
1.93
2.57
1.61
0.96
3.54
0.96
3.22
0.32
3.22
1.29
2.57
0.64
3.22
3.22
3.54
0.96
2.89
0.96
3.54
2.57
2.89
3.22
0.96
2.25
1.61
1.93
1.29
0.96
1.61
2.25
2.89
1.29
2.57
2.89
94 43
1.06
1.58
1.94
0.18
1.76
1.06
1.06
0.88
1.58
1.23
0.53
1.76
1.94
0.18
0.88
0.70
1.23
0.53
1.76
0.88
0.35
0.88
1.23
1.41
1.41
1.41
1.58
1.06
0.70
1.23
1.58
0.35
1.23
1.06
1.58
1.06
0.35
0.88
0.70
0.18
1.76
1.41
0.35
0.35
0.88
0.70
1.58
1.41
0.88
1.94
1.58
0.53
0.70
1.58
0.88
1.94
0.18
1.06
1.06
0.53
0.88
0.70
1.94
0.18
0.88
1.23
0.70
1.94
1.76
0.35
1.94
1.94
0.35
1.06
1.94
1.76
1.23
0.35
0.88
0.70
0.18
0.88
0.88
0.88
1.94
1.76
0.35
0.70
0.53
1.23
0.88
1.41
0.18
1.24
63 23
0.56
2.23
1.40
1.40
2.79
3.07
0.56
2.79
3.07
2.79
0.28
3.07
2.79
2.51
0.56
0.56
0.56
1.68
2.79
0.28
1.40
1.12
0.28
2.23
3.07
0.84
0.56
1.12
0.84
2.51
1.96
1.96
2.51
1.40
1.40
2.51
1.12
1.96
1.40
1.12
1.12
1.12
1.68
2.23
3.07
2.51
0.28
3.07
0.28
1.40
0.84
2.23
2.23
1.68
0.56
1.12
0.56
0.28
0.84
2.51
0.28
1.12
1.94
5 3
25.00
45.00
5.00
10.00
15.00
3 1
46.67
13.33
40.00
82 70
0.78
0.39
2.14
0.58
0.78
0.39
1.95
1.95
1.36
2.14
0.39
1.75
1.95
2.14
1.56
0.97
1.56
2.14
1.75
0.78
1.56
1.36
1.95
1.36
0.78
0.58
1.56
1.17
0.58
0.58
1.56
1.95
0.78
0.19
0.39
0.39
0.97
0.19
1.95
0.58
1.17
1.95
0.19
1.95
2.14
1.95
0.78
0.19
0.58
1.75
0.19
1.36
1.36
0.78
1.36
0.39
0.78
2.14
1.75
1.95
0.39
1.75
1.75
0.58
1.36
0.39
0.78
0.39
0.58
2.14
1.56
1.75
1.17
1.75
2.14
2.14
0.39
1.75
1.75
1.17
0.97
0.76
45 1
1.55
1.94
0.78
3.49
1.55
1.94
2.71
3.10
3.88
2.33
3.49
3.49
4.26
1.16
2.33
0.39
0.39
3.10
2.71
1.94
1.16
1.16
3.88
3.49
1.94
2.71
3.49
0.78
3.49
1.16
0.39
0.78
0.78
1.16
1.94
3.10
3.88
3.49
0.39
4.26
0.39
2.33
2.33
3.49
1.50
65 14
1.54
2.31
0.77
1.29
2.57
0.77
2.57
2.31
0.51
0.51
2.31
2.83
2.31
2.31
0.77
0.51
1.03
2.06
0.26
0.51
2.31
1.80
2.83
1.80
1.03
0.77
2.31
1.54
1.29
2.06
0.26
1.80
0.51
1.03
1.54
0.26
2.57
0.51
2.83
2.06
1.29
1.29
2.83
2.06
1.54
1.29
2.31
0.77
1.80
0.26
1.03
2.31
1.80
1.80
1.54
0.77
0.51
0.51
0.77
0.26
2.83
1.29
2.83
2.31
2.84
80 47
1.24
0.21
0.82
1.03
0.62
1.86
1.65
1.24
0.41
0.41
0.41
0.82
0.21
1.86
1.03
0.41
1.24
2.27
1.65
2.27
1.44
1.65
1.03
0.41
0.62
2.06
2.27
0.62
2.27
1.44
2.06
0.82
0.82
1.03
1.65
1.24
0.21
1.24
1.03
1.24
2.27
1.03
1.44
2.27
0.82
0.21
1.24
1.24
1.86
2.27
1.44
1.24
1.86
1.03
1.86
0.82
1.03
2.06
0.21
1.86
0.21
1.44
1.86
0.41
1.44
0.82
0.82
0.62
0.41
1.86
0.41
2.06
0.82
0.82
2.06
2.27
2.06
0.21
2.27
2.26
64 31
0.49
1.97
1.23
2.46
2.70
1.47
1.47
1.47
0.49
1.47
2.46
2.46
0.98
0.74
2.70
0.98
0.98
1.72
0.25
0.98
2.70
1.97
2.70
1.97
2.46
1.47
0.49
1.47
1.97
1.72
2.21
0.25
1.72
2.46
2.21
2.70
0.25
1.97
0.98
1.47
2.46
0.49
0.25
1.72
2.70
0.49
1.47
2.21
1.47
2.21
0.49
0.98
1.23
2.46
1.72
2.21
0.74
2.21
2.70
1.23
1.47
1.72
0.49
0.27
40 34
0.52
3.11
4.66
4.15
4.66
2.07
3.63
2.07
0.52
4.66
1.04
1.55
0.52
0.52
2.59
5.18
3.11
1.04
1.04
5.18
1.04
4.15
1.55
3.63
3.63
0.52
4.15
3.11
1.04
3.11
2.59
4.15
5.70
1.04
0.52
4.15
1.04
1.55
0.52
0.99
50 10
3.53
1.41
3.53
1.77
3.18
0.71
3.53
2.47
0.35
2.47
3.89
3.89
1.77
2.12
0.71
3.18
0.35
3.89
1.06
0.35
1.77
0.71
3.89
0.35
1.77
2.12
0.71
1.77
2.83
3.18
1.77
0.35
3.18
1.77
1.06
2.12
3.18
1.41
1.77
2.12
3.18
1.77
2.83
2.47
1.77
0.71
0.71
1.41
2.12
1.04
46 29
3.35
2.74
3.35
1.52
3.35
3.05
3.05
1.83
2.74
0.91
2.44
1.22
0.61
0.91
0.91
3.35
1.83
3.35
2.74
1.22
2.44
2.44
2.74
3.35
3.35
0.61
2.13
3.05
3.05
3.35
2.44
0.61
3.05
2.74
0.30
2.74
0.30
1.22
1.22
0.61
2.13
3.35
0.30
3.05
2.13
2.83
40 23
4.76
0.87
1.30
1.30
1.73
1.30
1.73
4.33
3.03
2.16
3.90
2.16
3.03
1.73
4.33
1.30
2.16
2.16
2.60
2.60
2.60
0.87
2.60
3.90
4.76
2.16
1.30
4.33
3.46
0.87
0.43
2.16
3.46
4.33
2.60
3.46
0.43
1.73
1.73
4.34
56 21
0.87
1.73
0.29
2.60
0.58
2.31
2.31
2.02
2.89
1.16
0.87
1.45
0.29
1.16
1.73
2.02
2.60
2.31
2.60
1.45
2.60
1.73
1.45
0.29
2.60
0.87
2.89
1.45
2.02
1.73
1.16
1.73
1.45
1.45
2.60
0.58
1.45
2.89
2.31
1.16
0.58
1.73
2.60
2.31
3.18
2.02
2.89
3.18
0.87
1.45
2.31
3.18
0.29
2.60
2.89
0.27
64 3
0.98
2.46
1.97
0.98
1.72
0.98
1.23
2.70
2.46
0.49
2.70
1.72
1.72
0.74
1.72
0.49
2.70
0.25
1.97
0.49
2.21
2.46
0.49
2.70
0.98
0.98
0.98
0.98
0.98
1.72
2.70
1.23
1.47
1.72
0.74
1.97
1.47
2.70
2.46
2.21
0.49
2.46
2.70
2.70
1.23
0.25
2.46
2.21
1.47
1.72
0.49
2.70
1.97
1.23
1.47
2.21
0.49
0.25
0.49
1.23
0.25
1.72
1.47
2.72
18 5
2.06
8.25
1.03
4.12
11.34
5.15
1.03
3.09
9.28
1.03
10.31
7.22
7.22
7.22
5.15
2.06
11.34
3.10
28 9
3.49
1.74
3.49
3.49
1.74
2.33
5.23
4.07
5.23
5.81
0.58
4.07
6.40
1.16
5.23
1.74
0.58
5.23
2.91
1.16
4.07
2.91
6.40
6.40
1.16
5.23
3.49
4.66
17 1
0.98
8.82
5.88
9.80
9.80
2.94
10.78
4.90
1.96
9.80
10.78
9.80
1.96
1.96
1.96
0.98
6.90
69 43
0.24
0.95
0.95
2.14
2.62
2.38
1.67
0.71
2.62
2.14
0.48
1.19
2.62
0.24
0.95
0.48
2.14
2.14
0.24
2.62
2.14
1.67
0.95
1.90
1.90
0.95
1.19
1.43
2.38
0.24
2.14
0.48
0.71
0.48
2.38
0.95
0.71
1.90
2.14
1.90
2.62
0.48
2.38
0.48
0.48
1.67
2.14
1.19
2.38
1.90
0.71
0.48
2.14
0.24
2.14
0.48
2.14
2.62
1.90
0.24
2.14
1.90
0.71
1.43
0.71
1.19
0.95
2.14
1.96
10 2
5.26
3.51
15.79
17.54
14.04
8.77
14.04
3.51
5.26
12.28
81 36
1.36
1.94
1.17
1.94
0.97
1.36
0.78
0.19
1.17
0.39
0.58
1.55
1.94
1.75
0.78
1.55
2.14
1.36
1.55
1.94
1.36
1.55
1.55
2.14
0.78
0.19
1.36
2.14
1.55
1.75
1.17
1.94
2.14
0.97
2.14
1.36
1.17
0.78
0.97
0.58
1.17
0.19
1.36
1.94
0.78
0.97
1.36
0.97
2.14
0.58
1.36
0.97
1.17
1.55
1.36
1.55
0.78
0.78
0.39
1.36
1.94
0.58
1.17
0.19
1.75
0.58
0.78
1.55
0.97
0.39
0.97
1.75
1.55
1.94
1.75
1.17
0.39
0.97
0.19
0.58
2.11
93 42
2.04
0.19
2.04
0.74
1.67
0.19
2.04
1.12
0.37
0.19
0.93
0.19
2.04
0.37
0.93
1.67
1.30
1.67
0.37
0.37
0.19
2.04
0.56
0.93
1.30
0.19
1.49
1.49
1.30
0.37
1.49
1.30
0.37
0.93
0.74
0.19
2.04
1.12
1.67
0.37
1.30
1.67
0.56
1.30
1.86
1.12
2.04
0.74
0.74
2.04
2.04
0.19
0.56
0.93
0.37
0.93
0.74
1.30
2.04
0.19
0.56
1.86
0.37
0.56
2.04
0.93
1.12
0.56
0.93
0.37
1.30
1.86
1.30
0.19
0.74
0.93
2.04
0.93
1.67
1.12
0.19
0.93
1.86
1.67
2.04
0.93
0.74
1.49
0.37
1.67
2.04
0.19
1.33
22 12
2.05
2.05
7.53
3.42
6.85
3.42
4.79
7.53
2.05
4.79
6.16
2.05
2.74
6.16
2.05
5.48
7.53
1.37
6.85
6.85
0.68
7.60
10 2
9.23
10.77
1.54
16.92
15.38
15.38
4.62
4.62
9.23
12.31
78 16
1.86
0.62
2.07
1.86
1.45
0.83
0.62
0.41
0.21
1.04
0.41
1.66
1.45
0.62
0.83
0.83
0.83
1.04
2.28
1.86
0.41
1.45
1.86
1.45
1.45
1.04
2.07
0.41
1.24
1.04
1.86
2.28
1.86
2.28
1.86
1.45
1.45
0.62
1.66
1.45
2.07
2.28
0.83
0.41
1.66
1.45
0.21
1.45
1.45
0.62
1.45
1.24
1.24
1.66
1.86
1.66
1.66
0.83
1.45
2.28
1.45
1.24
1.24
1.04
1.66
0.62
0.62
1.45
0.83
1.24
0.21
0.41
1.24
2.28
1.04
1.45
1.45
0.80
53 53
3.57
2.92
1.62
1.30
2.27
2.27
2.60
3.25
0.97
3.25
1.30
0.32
2.92
1.95
1.62
0.32
2.60
2.92
0.65
0.97
0.65
1.62
2.92
1.30
2.92
3.25
2.27
0.65
0.32
2.60
0.97
0.65
2.27
1.62
0.32
2.27
3.57
2.92
2.92
2.60
1.95
1.95
0.32
0.97
0.32
0.32
3.25
3.57
2.92
2.92
1.30
1.62
0.39
41 11
4.82
2.63
1.32
0.88
0.88
0.88
3.95
1.32
1.32
1.75
4.39
3.07
2.63
0.44
3.07
0.44
1.75
1.75
1.75
0.44
3.07
2.19
4.82
3.95
4.82
4.82
4.39
3.07
3.07
3.07
3.07
2.19
0.44
1.75
2.63
1.32
1.75
1.75
4.82
2.19
1.34
64 55
0.26
2.84
2.84
1.55
2.84
0.78
2.58
1.55
2.07
2.33
1.55
1.03
2.07
1.55
1.55
2.58
1.29
0.52
2.84
2.84
0.26
2.84
2.84
2.58
1.55
0.52
2.07
2.07
1.29
0.78
0.52
0.52
0.26
0.78
0.78
2.33
2.07
0.52
2.33
2.33
0.26
0.52
2.33
1.55
0.78
2.33
2.58
0.78
1.29
1.55
1.29
1.29
0.78
1.81
2.58
1.55
2.07
0.52
1.81
1.55
0.78
0.78
0.26
2.26
86 46
1.36
0.58
0.19
2.14
0.19
1.56
0.39
1.75
1.95
0.97
1.95
1.56
0.39
0.19
1.95
0.39
1.36
1.36
1.17
0.19
0.97
0.78
1.56
0.58
2.14
1.75
0.97
1.56
0.19
0.39
0.78
1.75
0.58
1.75
0.97
1.56
0.78
1.95
1.95
0.19
1.56
0.19
1.17
1.36
0.19
0.97
1.75
0.39
0.78
1.95
2.14
0.97
0.58
0.97
2.14
1.56
0.97
1.56
0.58
1.75
2.14
0.97
1.36
1.36
2.14
0.39
0.97
1.17
1.56
0.39
0.58
0.78
2.14
1.95
1.95
0.19
2.14
0.78
1.36
0.19
1.56
1.17
0.19
2.14
0.97
1.19
81 34
0.67
2.01
2.24
2.46
0.67
0.89
1.12
0.45
0.22
2.01
0.67
0.67
2.46
1.34
1.12
1.79
2.24
0.22
1.57
1.12
0.67
0.89
0.67
2.24
1.12
0.22
1.79
1.57
1.12
1.34
2.46
2.46
0.22
2.01
1.79
2.01
1.79
0.22
0.22
0.22
2.24
2.46
0.89
1.79
0.89
0.89
2.01
1.12
0.67
1.79
0.22
2.01
0.45
0.22
2.01
0.22
1.57
1.57
0.22
0.89
0.89
1.57
2.01
1.57
0.67
0.45
1.12
0.22
0.22
2.01
0.89
0.22
2.24
0.67
1.12
1.79
1.12
2.01
1.34
0.22
2.55
60 53
1.74
2.49
1.00
1.00
2.74
0.50
1.74
2.74
2.49
0.75
1.99
1.24
0.75
1.24
1.00
2.49
1.99
1.00
1.99
1.99
1.00
1.24
2.74
1.49
1.74
0.25
1.99
1.49
2.49
2.74
1.49
0.75
1.74
2.49
2.24
2.49
2.49
1.74
1.00
1.74
1.74
0.75
1.00
2.24
1.99
1.99
1.24
1.24
2.24
0.50
0.75
1.24
2.74
1.74
1.99
2.24
1.00
1.24
1.99
1.93
41 38
4.58
2.50
4.17
1.25
3.75
4.58
4.58
0.83
1.67
1.67
2.08
2.50
2.92
0.83
1.25
2.92
0.42
2.08
2.50
4.17
2.92
2.92
2.92
3.75
4.58
1.25
1.67
2.08
2.92
1.67
2.50
3.33
4.17
0.42
0.83
0.83
3.33
2.08
0.83
2.92
0.83
38 29
1.61
3.63
2.42
0.40
1.61
2.42
3.63
3.23
0.81
2.82
3.63
4.44
2.42
4.03
2.82
4.03
3.23
1.21
2.02
4.44
0.40
2.42
4.44
3.63
1.21
1.21
0.40
2.82
0.40
2.42
2.82
4.03
4.44
3.63
2.42
2.02
2.42
4.02
15 7
8.57
2.86
4.76
10.48
10.48
5.71
1.90
3.81
4.76
5.71
10.48
6.67
9.52
10.48
3.81
90 5
0.80
0.20
1.80
0.20
2.00
2.20
1.80
0.20
1.40
0.40
1.20
0.60
1.80
1.40
0.40
0.20
1.40
0.80
0.40
1.00
2.20
1.00
1.20
1.00
1.00
0.20
1.20
0.60
1.20
2.00
0.80
0.80
2.20
1.60
1.40
2.00
0.40
1.00
0.60
0.40
1.00
2.20
0.40
0.20
1.20
1.00
1.20
1.40
1.60
1.80
1.60
0.80
0.40
1.60
2.00
2.00
1.80
1.60
1.00
0.20
0.80
1.40
0.80
0.40
1.00
0.60
2.20
0.40
0.20
1.80
0.60
1.40
2.20
1.00
0.40
1.40
0.80
1.20
1.40
0.80
1.00
2.00
0.40
0.20
2.20
0.60
1.00
2.20
0.40
1.20
66 39
2.67
1.07
1.34
1.34
0.53
0.80
2.14
1.07
1.87
2.94
2.41
1.60
0.80
0.53
2.67
0.80
1.60
0.27
1.87
2.94
1.34
1.07
0.27
1.87
0.27
0.27
1.60
2.94
1.60
2.67
0.27
2.14
2.41
1.87
1.07
0.80
1.60
0.27
0.53
2.67
1.60
1.60
2.14
1.60
2.67
0.80
1.34
0.80
2.94
2.14
0.27
2.67
2.14
0.27
0.80
2.94
1.87
0.53
0.53
0.53
2.94
1.87
2.14
1.87
0.53
1.68
96 11
1.53
0.34
1.36
1.19
1.02
0.68
1.53
0.34
1.36
1.87
0.51
0.51
0.68
1.53
0.17
1.36
0.51
1.19
1.36
1.70
1.02
1.87
0.85
1.53
0.85
1.36
0.34
0.34
0.68
0.68
0.51
1.53
0.68
0.17
1.87
1.53
1.19
0.34
1.19
1.53
0.34
0.34
1.87
1.19
0.17
1.02
1.19
0.17
0.51
1.19
0.51
0.34
0.51
1.19
0.85
0.17
1.87
0.68
0.68
0.34
1.53
1.70
1.53
1.70
1.70
0.68
0.85
1.87
0.17
1.87
1.53
0.85
1.53
1.70
1.19
1.87
1.87
1.19
0.68
0.17
0.68
1.87
1.02
1.70
1.87
1.02
0.85
1.53
0.68
1.19
0.17
1.36
0.68
1.70
1.02
0.55
27 10
2.25
0.56
5.62
6.18
3.37
5.06
2.25
3.93
5.62
3.37
1.69
2.25
6.18
5.06
2.25
5.06
2.25
6.18
5.62
5.06
5.62
2.25
1.69
1.12
2.81
5.62
1.08
98 87
2.03
1.85
1.85
0.37
1.11
0.37
1.11
0.18
0.55
1.66
1.85
1.29
1.11
1.29
0.74
0.74
0.37
1.11
0.92
1.11
1.85
0.18
1.11
0.55
0.55
0.37
1.11
1.29
0.55
1.29
1.85
1.48
0.37
0.92
0.37
0.92
1.66
1.85
1.85
1.11
2.03
1.48
0.18
2.03
2.03
0.37
0.18
0.18
1.48
0.55
1.29
0.37
0.18
0.92
0.92
0.37
0.18
0.55
0.37
0.92
1.66
2.03
1.11
0.92
1.48
1.85
0.37
0.74
0.92
1.11
1.66
0.92
0.74
1.11
0.55
1.66
0.18
0.74
1.85
0.55
0.37
0.37
0.18
1.85
0.74
1.85
0.74
1.11
2.03
0.74
0.92
0.55
1.29
0.55
1.48
1.11
2.03
0.52
24 4
0.64
1.92
5.77
6.41
1.92
5.77
3.85
5.13
3.85
4.49
2.56
3.85
5.13
7.05
7.05
3.85
4.49
5.13
3.85
3.85
3.85
1.92
3.21
4.46
13 10
8.42
7.37
9.47
11.58
7.37
7.37
10.53
3.16
9.47
7.37
8.42
1.05
8.42
80 13
0.61
2.04
1.02
1.63
1.83
2.04
2.04
1.43
0.20
2.04
0.41
0.20
1.22
1.02
0.61
2.24
1.83
0.61
0.20
2.24
0.81
1.83
2.04
0.41
0.61
2.04
2.04
1.43
1.83
0.41
0.81
1.63
2.24
1.63
2.04
1.83
1.83
2.24
0.41
0.81
2.24
0.41
0.41
0.20
2.04
1.63
1.63
2.24
0.20
0.81
0.41
2.04
2.04
2.24
0.20
0.81
0.20
0.41
2.24
2.24
1.22
1.63
0.81
1.22
0.20
1.63
1.02
1.63
0.41
1.22
1.02
1.22
0.20
1.83
0.81
0.41
1.83
1.22
0.61
0.84
70 36
1.74
0.25
1.49
2.48
0.74
0.99
1.49
0.25
1.49
0.25
0.25
2.23
1.24
2.48
0.25
0.99
2.48
0.50
0.50
2.48
0.99
0.25
1.24
2.48
2.48
0.99
0.99
2.48
1.49
2.73
0.99
0.74
1.24
2.23
0.74
1.24
0.25
0.99
2.73
2.73
2.23
2.48
1.49
1.74
0.25
0.74
1.74
0.25
1.24
0.50
0.99
1.74
2.48
2.73
0.50
1.74
2.23
1.49
1.24
0.74
1.74
0.25
1.74
2.48
2.73
2.73
2.23
0.74
0.99
1.26
42 20
1.56
2.34
1.95
2.73
1.56
0.39
2.34
2.34
1.56
3.52
3.52
1.17
2.73
3.12
1.56
3.91
3.12
3.12
3.12
0.78
3.52
3.52
1.95
1.56
1.17
2.73
0.78
3.52
2.73
1.56
1.56
3.12
3.91
2.34
0.39
3.91
1.17
1.95
2.73
2.73
2.73
3.98
90 63
2.03
0.18
1.66
1.85
1.11
1.66
2.03
0.37
0.18
0.74
1.29
0.18
1.85
1.11
0.37
0.74
1.85
2.03
2.03
0.37
1.29
1.11
0.55
0.74
0.74
0.92
0.55
0.55
0.92
1.66
0.18
1.85
0.18
0.55
0.18
1.11
2.03
1.48
2.03
1.11
1.66
0.37
2.03
0.92
0.92
1.85
0.55
0.18
1.48
1.48
1.11
0.55
1.85
2.03
0.74
1.48
1.66
1.85
1.85
0.74
0.74
1.48
1.66
0.74
0.37
0.74
0.92
0.55
0.37
0.37
1.29
1.48
1.29
0.92
0.74
0.18
0.37
0.74
0.18
1.85
1.66
1.85
0.18
2.03
1.66
1.85
2.03
0.18
1.48
1.44
31 5
4.83
1.93
2.90
2.42
0.48
0.48
2.90
0.48
0.48
1.93
3.38
5.31
4.83
5.31
4.35
3.86
4.83
2.90
0.97
5.31
5.31
0.48
5.31
5.31
2.42
3.38
3.86
4.83
0.97
4.83
3.42
14 2
2.22
12.22
5.56
6.67
12.22
12.22
5.56
5.56
5.56
5.56
2.22
12.22
5.56
6.65
69 13
1.39
1.86
1.39
1.39
1.86
1.86
2.55
1.86
2.32
2.09
2.09
2.09
2.09
1.62
0.23
1.39
0.93
0.46
0.46
0.23
2.55
0.93
2.32
1.16
1.16
0.93
1.62
2.55
1.39
1.86
1.86
1.86
0.23
2.32
0.70
0.93
0.46
0.23
2.32
1.86
0.70
1.62
1.62
0.23
0.93
2.32
0.93
2.32
2.09
0.93
2.09
1.62
2.55
0.46
2.32
0.93
0.46
0.93
0.46
1.16
0.46
1.62
2.55
1.86
2.32
0.70
1.39
0.70
2.33
20 13
0.09
0.03
0.07
0.05
0.09
0.05
0.02
0.08
0.03
0.05
0.01
0.08
0.09
0.07
0.01
98.96
0.09
0.02
0.02
0.09
46 17
0.04
0.02
0.04
0.02
0.04
0.03
0.01
0.04
0.02
0.00
0.04
0.03
0.03
0.00
0.01
0.03
0.02
0.01
0.01
0.01
0.03
0.02
0.02
0.03
0.01
99.02
0.04
0.02
0.01
0.01
0.02
0.04
0.01
0.03
0.01
0.03
0.01
0.04
0.03
0.01
0.03
0.01
0.02
0.02
0.00
0.03
73 42
0.00
0.01
0.01
0.02
0.00
0.01
0.01
0.03
0.02
0.01
0.02
0.00
0.01
0.01
0.01
0.01
0.02
0.01
0.01
0.01
0.02
0.02
0.02
0.03
0.02
0.00
0.02
0.01
0.02
0.00
0.03
0.02
0.03
0.02
0.02
0.01
0.02
0.02
0.02
0.02
0.00
0.00
0.03
0.02
0.01
0.00
99.00
0.01
0.02
0.02
0.02
0.02
0.02
0.03
0.01
0.01
0.01
0.02
0.01
0.02
0.00
0.01
0.00
0.00
0.01
0.00
0.01
0.02
0.02
0.00
0.02
0.01
0.02
37 34
0.04
0.03
0.03
0.00
0.02
0.01
0.04
0.05
0.03
0.00
0.03
0.02
0.02
0.01
0.02
0.04
0.00
0.03
0.02
0.04
0.03
0.02
0.03
0.04
0.03
0.02
0.05
99.02
0.03
0.04
0.04
0.02
0.00
0.05
0.04
0.02
0.04
60 48
0.02
0.01
0.00
0.01
0.02
0.03
0.01
0.02
0.03
0.03
0.01
0.02
0.02
0.03
99.02
0.01
0.03
0.03
0.01
0.03
0.02
0.00
0.01
0.01
0.00
0.01
0.03
0.02
0.03
0.00
0.01
0.02
0.03
0.02
0.01
0.02
0.03
0.02
0.02
0.02
0.03
0.00
0.00
0.03
0.00
0.02
0.02
0.00
0.02
0.01
0.01
0.03
0.03
0.02
0.02
0.02
0.00
0.01
0.00
0.01
54 52
0.02
0.03
0.02
0.01
0.01
0.02
0.03
0.04
0.01
99.07
0.01
0.00
0.02
0.00
0.02
0.03
0.03
0.02
0.01
0.03
0.02
0.02
0.01
0.02
0.03
0.03
0.03
0.03
0.00
0.01
0.02
0.01
0.02
0.03
0.01
0.00
0.02
0.02
0.00
0.02
0.02
0.03
0.01
0.01
0.01
0.04
0.00
0.00
0.01
0.02
0.01
0.02
0.01
0.03
101 37
0.01
0.00
0.01
0.01
0.00
0.01
0.01
0.01
0.01
0.01
0.01
0.01
0.00
0.02
0.00
0.01
0.02
0.00
0.01
0.02
0.01
0.00
0.00
0.00
0.01
0.02
0.00
0.01
0.02
0.01
0.01
0.00
0.01
0.01
0.01
0.00
0.01
0.01
0.02
0.00
0.01
0.00
0.01
0.01
0.01
0.02
0.00
0.00
0.02
0.00
0.02
0.02
0.01
0.01
0.01
0.00
0.01
0.01
0.01
0.01
0.00
0.01
0.02
0.01
0.02
0.02
0.02
0.00
0.00
0.01
0.02
0.01
98.98
0.01
0.02
0.00
0.01
0.01
0.01
0.00
0.02
0.02
0.02
0.01
0.01
0.02
0.02
0.02
0.01
0.01
0.02
0.01
0.02
0.02
0.00
0.01
0.01
0.02
0.01
0.01
0.00
73 8
0.02
0.02
0.01
0.02
0.02
0.01
0.02
0.02
0.01
0.02
0.02
0.02
0.02
0.02
0.02
0.01
0.02
0.02
0.00
0.01
0.02
0.00
0.00
0.01
0.01
0.02
0.00
0.02
0.02
0.02
0.02
0.00
0.01
0.00
0.02
0.02
0.00
0.01
0.01
0.01
0.02
0.02
0.01
0.02
99.02
0.02
0.00
0.01
0.00
0.01
0.03
0.01
0.01
0.00
0.02
0.01
0.02
0.02
0.02
0.00
0.01
0.00
0.01
0.02
0.02
0.01
0.02
0.01
0.02
0.01
0.02
0.01
0.02
40 34
0.01
0.04
0.01
99.05
0.04
0.05
0.04
0.03
0.00
0.02
0.03
0.01
0.03
0.00
0.01
0.01
0.04
0.02
0.03
0.02
0.00
0.04
0.03
0.04
0.01
0.02
0.04
0.02
0.05
0.04
0.05
0.02
0.03
0.05
0.01
0.03
0.01
0.01
0.00
0.01
45 1
0.02
0.04
0.01
0.02
0.00
0.01
0.03
0.03
0.04
0.01
0.03
0.05
0.00
0.03
0.01
0.00
0.01
0.02
0.02
0.04
0.02
0.01
0.02
0.01
0.02
0.02
99.02
0.05
0.02
0.03
0.04
0.03
0.03
0.03
0.04
0.04
0.04
0.03
0.02
0.00
0.01
0.01
0.00
0.02
0.02
0 0
