100
1 1000000
471995 660415
245227 913787
78678 984217
755704 889506
74305 877980
687051 724587
628332 991720
636105 789437
242309 622377
559508 713491
271736 709365
361965 519344
90651 711393
110340 584547
145518 335997
16070 641888
894409 904194
9337 250477
176273 590015
271431 365787
96379 868217
226182 661161
495774 632706
356972 426840
67167 233618
282336 817604
74023 518856
764833 847177
222885 423560
566298 661860
380730 380824
602005 935918
169473 452587
469983 719507
344910 544155
127718 463223
89282 669305
956123 989536
55629 467243
340397 554933
634195 682036
683225 963948
711035 924775
794319 822546
171685 529291
559294 997651
44479 403898
167309 490065
340781 890181
129528 732042
281221 436046
633645 771951
291025 515979
293550 592211
209902 482727
804148 964306
144507 757665
145409 757397
98451 526524
405545 609430
758079 912538
651224 774119
326541 402474
522658 622638
17648 803602
442020 890002
362342 601963
210954 795479
127388 229616
84454 833655
488255 528924
156169 395313
659074 869323
611754 679037
550374 729979
437100 794869
128800 177892
433723 669995
536919 818210
188551 709058
120050 753043
619886 925467
326248 923137
13611 636199
50514 767836
449288 679694
740404 899336
38845 683033
279936 418737
208086 887193
491445 682833
231098 694477
48162 129100
75350 153103
163921 624144
148428 750351
399810 726029
261566 278837
530919 707740
