0 0 1 0 4 0 1.45
0 5 0 0 0 0 0.30
0 5 0 4 13 0 1.70
0 0 1 0 0 7 0.15
0 0 19 0 0 0 1.00
17 18 2 0 20 15 1.75
0 12 3 9 12 0 4.40
11 0 0 18 18 14 2.95
1 15 15 8 3 4 2.85
9 8 0 0 0 0 0.70
0 0 14 6 9 3 4.35
11 11 13 9 0 11 4.55
0 2 0 15 0 0 3.20
5 11 0 14 4 11 3.20
19 0 0 10 8 16 2.05
0 0 0 18 0 11 2.55
0 9 9 6 0 10 0.05
17 15 2 18 4 16 4.70
11 0 0 16 7 0 2.25
15 3 0 11 2 18 3.55
16 2 1 14 14 10 4.65
0 0 0 3 14 13 2.20
11 9 0 6 0 0 0.70
0 0 7 15 3 0 3.95
14 0 0 13 10 8 1.50
0 0 9 0 3 7 3.40
0 19 11 18 0 0 0.45
17 0 1 14 15 0 0.80
9 0 20 0 0 0 2.90
0 0 17 0 14 0 3.05
0 0 0 10 12 0 0.70
2 9 16 0 0 3 0.75
7 0 16 0 7 12 0.50
0 17 15 20 0 16 3.80
0 0 10 12 16 16 2.30
15 14 0 4 1 0 1.90
0 13 7 0 10 0 2.40
0 0 0 19 15 0 1.85
6 0 1 12 0 0 1.00
0 0 15 0 7 0 4.00
13 0 5 0 0 0 1.40
4 0 0 0 0 15 1.50
0 0 3 20 0 10 2.45
10 17 2 0 0 0 1.70
0 0 9 0 0 16 3.75
17 13 0 0 0 0 0.65
2 7 0 19 0 1 1.30
17 0 0 17 6 0 2.85
2 8 12 6 0 0 2.05
0 15 3 0 16 0 2.75
5 3 0 0 4 0 1.75
9 6 4 13 0 0 0.30
14 0 19 0 11 7 0.90
2 0 18 3 20 0 4.30
2 3 16 0 16 6 1.00
4 0 6 1 0 0 0.55
5 0 8 1 5 14 0.45
8 8 16 16 11 18 2.65
1 9 18 9 12 13 4.35
0 0 10 0 2 0 3.60
0 0 0 8 0 0 1.10
6 9 2 2 12 15 3.10
2 0 17 10 0 0 1.30
8 1 0 0 0 2 2.15
0 11 18 0 16 14 2.10
0 14 0 8 20 0 4.05
3 0 17 15 0 2 0.20
0 1 5 12 18 0 3.60
19 20 1 0 3 0 2.45
11 18 6 17 0 10 0.05
2 0 17 0 0 13 4.05
11 14 9 9 14 18 0.95
17 16 15 14 3 18 2.75
13 0 16 0 0 0 0.75
17 9 7 0 0 0 2.90
15 3 20 0 0 0 1.75
0 5 10 0 18 10 1.65
0 18 1 0 3 9 0.05
3 4 0 11 7 17 1.80
0 0 8 0 0 6 3.15
10 0 0 0 3 3 2.70
12 1 7 0 8 18 3.30
16 0 7 0 15 0 4.85
1 15 0 14 9 16 4.05
19 12 5 0 0 0 2.30
8 0 3 16 0 0 3.35
6 12 0 7 0 0 4.75
0 0 0 10 15 5 4.55
0 0 6 6 0 0 3.50
5 14 0 18 0 10 1.40
15 2 6 13 13 15 2.45
6 15 12 13 12 0 2.95
19 7 15 0 15 0 1.15
12 9 0 5 0 7 0.45
20 9 14 11 12 3 4.65
0 9 0 2 2 13 4.85
0 19 0 1 7 0 3.35
2 0 16 1 14 0 0.10
16 1 2 0 17 0 1.20
0 10 9 0 15 0 0.30
9 0 8 0 2 0 1.35
8 19 6 13 0 0 4.60
6 0 4 0 8 3 4.45
14 0 11 13 0 0 3.55
4 18 0 14 0 0 3.40
0 0 1 0 4 15 4.35
0 6 10 17 1 0 4.70
0 17 15 0 8 0 4.55
10 0 8 5 8 7 2.60
6 18 8 14 0 13 3.45
13 9 6 18 12 20 2.30
0 0 10 2 20 18 2.05
17 17 12 5 11 0 3.10
17 0 3 0 4 17 3.30
20 20 14 0 8 16 1.15
0 0 6 0 7 9 1.25
0 20 4 20 10 18 3.00
13 9 0 0 15 19 1.50
7 0 0 0 12 18 3.15
0 0 16 3 20 0 4.65
0 19 4 0 0 16 4.15
10 0 0 18 15 14 4.60
0 0 7 0 0 7 4.60
5 0 18 0 0 18 2.25
0 16 0 6 0 0 3.15
0 0 17 0 0 5 2.15
0 18 17 0 0 15 1.20
12 7 0 3 4 9 1.50
0 0 11 0 17 0 1.90
6 12 13 0 13 5 3.00
20 0 0 0 12 6 3.10
13 0 0 0 5 0 0.10
8 0 0 0 3 2 1.95
0 0 15 20 17 4 2.55
0 7 1 0 5 0 1.00
14 2 0 0 15 0 1.20
0 0 19 7 0 0 1.10
1 12 14 9 3 3 4.20
8 10 0 0 11 5 4.80
6 11 15 0 11 4 2.70
0 0 10 12 19 0 2.00
20 14 0 0 0 15 0.45
0 0 13 16 0 0 4.65
0 18 13 19 0 7 0.95
8 0 9 13 19 16 4.40
19 0 0 0 10 0 2.10
0 19 0 10 0 0 2.70
5 0 19 0 0 2 2.80
12 0 0 0 0 11 2.45
0 11 0 0 0 2 2.70
10 3 0 0 12 0 0.35
5 18 0 9 1 6 1.95
2 0 0 0 4 0 3.80
0 13 2 0 8 18 2.40
11 16 5 4 0 9 4.45
0 2 16 0 14 0 0.35
18 17 0 13 2 16 2.40
0 13 12 20 1 0 4.05
6 0 1 18 1 8 3.10
11 0 8 0 17 0 2.35
0 12 0 0 0 14 1.15
5 18 19 16 9 9 2.35
19 17 0 15 8 0 2.60
0 0 5 0 18 7 3.00
0 16 10 15 0 0 1.05
19 1 5 5 0 0 4.10
12 0 1 16 0 10 3.00
12 17 7 14 15 10 1.05
0 0 17 8 11 13 4.35
0 0 4 0 15 18 3.25
15 0 19 17 0 0 0.25
14 0 12 2 19 19 1.50
0 0 19 0 13 0 0.35
5 5 10 5 7 0 3.20
0 8 4 19 2 2 4.80
13 20 15 9 19 12 3.20
0 13 6 17 1 10 1.05
17 17 17 13 10 0 1.20
0 7 2 0 11 0 2.40
0 9 0 12 13 0 3.60
0 0 10 9 0 7 0.05
0 9 0 13 8 0 0.90
0 0 3 15 7 5 1.60
18 15 0 9 0 0 2.60
0 16 17 0 13 0 2.65
20 11 0 0 13 8 2.20
16 15 16 4 14 0 4.60
8 11 19 3 3 0 4.05
14 0 8 4 13 0 2.00
17 11 0 0 15 0 3.65
15 9 0 14 10 16 1.20
0 6 10 0 8 4 2.35
0 0 18 4 13 0 4.15
0 0 0 19 0 7 4.65
18 18 6 0 0 14 2.10
3 6 16 0 2 0 2.15
2 16 1 11 6 5 4.00
5 0 0 18 7 5 1.50
19 8 0 0 1 11 1.10
7 13 0 13 0 0 4.80
0 0 0 0 0 0
