15625 13824
38 37
34 33
129961739795077 101559956668416
19683000000000 14507145975869
11019960576 6975757441
1048576 923521
11881376 9765625
13 12
784 729
794280046581 512000000000
1331 1000
121 100
707281 614656
22 21
50653 46656
5429503678976 3814697265625
85766121 64000000
2197 1728
19 18
308915776 244140625
6975757441 4294967296
5153632 4084101
841 784
4586471424 3404825447
14348907 11881376
105413504 62748517
62748517 35831808
429981696 214358881
794280046581 512000000000
852891037441 656100000000
4294967296 2562890625
2985984 1771561
625 576
79235168 69343957
38416 28561
2641807540224 1801152661463
52523350144 42618442977
130321 104976
24389 21952
625 576
1156 1089
34 33
7625597484987 5429503678976
1801152661463 1207269217792
1544804416 1291467969
1280000000 893871739
1 1
1838265625 1544804416
20511149 17210368
42875 39304
2744 2197
62748517 35831808
387420489 308915776
38443359375 20661046784
852891037441 656100000000
576 529
7529536 4826809
852891037441 656100000000
1225 1156
32 31
46411484401953 35184372088832
1 1
1 1
1544804416 1291467969
1 1
47045881 34012224
410338673 268435456
29791 27000
1 1
196 169
169 144
900 841
1291467969 1073741824
104976 83521
1099511627776 852891037441
1369 1296
36 35
24300000 20511149
25 24
15625 13824
27 26
2197 1728
33554432 28629151
208827064576 152587890625
512000000000 322687697779
60716992766464 46411484401953
25 24
191102976 148035889
32768 29791
50653 46656
59319 54872
9765625 7962624
256 225
25600000000 16983563041
729000000 594823321
12 11
3814697265625 2641807540224
10460353203 8031810176
20736 14641
1 1
1048576 923521
2825761 2560000
1 1
759375 537824
13 12
68719476736 38443359375
1521 1444
42875 39304
14641 10000
2313441 2085136
115856201 102400000
28561 20736
45435424 39135393
90224199 79235168
1679616 1500625
1073741824 887503681
729 676
22 21
1874161 1679616
24 23
1 1
29 28
24300000 20511149
27512614111 21870000000
1801152661463 1207269217792
113379904 85766121
1 1
32 31
512000000000 322687697779
4084101 3200000
1 1
35 34
961 900
1 1
3010936384 2565726409
481890304 387420489
1280000000 893871739
900 841
1225 1156
1073741824 887503681
14 13
52523350144 42618442977
20661046784 10604499373
20511149 17210368
1801088541 1280000000
361 324
1874161 1679616
625 576
1 1
1185921 1048576
1 1
2197 1728
64339296875 52523350144
1 1
11019960576 6975757441
105413504 62748517
1 1
15625 13824
1225 1156
410338673 268435456
28629151 24300000
537824 371293
2565726409 2176782336
27512614111 21870000000
1 1
38 37
729000000 594823321
1 1
1 1
324 289
1073741824 887503681
1 1
1 1
2476099 1889568
25 24
1 1
784 729
1 1
1 1
31 30
1838265625 1544804416
1728 1331
11019960576 6975757441
24389 21952
38443359375 20661046784
1 1
18 17
308915776 244140625
6553600000000 5352009260481
115856201 102400000
90224199 79235168
104976 83521
47045881 34012224
24389 21952
10578455953408 7625597484987
484 441
3814697265625 2641807540224
1024 961
4096000000 3518743761
1048576 923521
729 676
38 37
2744 2197
14 13
6103515625 4586471424
17576 15625
268435456 170859375
784 729
1 1
1 1
1185921 1048576
10648 9261
7625597484987 5429503678976
28561 20736
101559956668416 78815638671875
39 38
25600000000 16983563041
324 289
23 22
78310985281 54875873536
20511149 17210368
39 38
29791 27000
1 1
2494357888 1801088541
46411484401953 35184372088832
25 24
2313441 2085136
21952 19683
3010936384 2565726409
923521 810000
129961739795077 101559956668416
1785793904896 1406408618241
484 441
22 21
52523350144 42618442977
6436343 5153632
1225 1156
27 26
17576 15625
1225 1156
1874161 1679616
1889568 1419857
1 1
7625597484987 5429503678976
20661046784 10604499373
20511149 17210368
198359290368 118587876497
64339296875 52523350144
42618442977 34359738368
62748517 35831808
1 1
1 1
14507145975869 10578455953408
29791 27000
38 37
3518743761 3010936384
24300000 20511149
52521875 45435424
1099511627776 852891037441
115856201 102400000
40 39
8031810176 6103515625
1 1
1406408618241 1099511627776
28561 20736
196 169
6975757441 4294967296
1 1
101559956668416 78815638671875
16 15
784 729
11019960576 6975757441
39 38
3404825447 2494357888
441 400
78364164096 64339296875
28 27
42875 39304
33554432 28629151
31 30
4096 3375
65536 50625
3518743761 3010936384
961 900
1 1
512000000000 322687697779
4294967296 2562890625
19683 17576
59319 54872
24137569 16777216
69343957 60466176
78364164096 64339296875
69343957 60466176
810000 707281
3375 2744
42618442977 34359738368
15 14
1 1
10604499373 5159780352
5153632 4084101
26 25
1331 1000
1600 1521
612220032 410338673
410338673 268435456
68719476736 38443359375
13824 12167
19683000000000 14507145975869
15 14
10604499373 5159780352
17576 15625
21952 19683
59319 54872
90224199 79235168
7962624 6436343
1 1
79235168 69343957
1 1
39 38
6103515625 4586471424
4084101 3200000
1 1
78364164096 64339296875
225 196
59319 54872
594823321 481890304
144 121
17210368 14348907
531441 456976
208827064576 152587890625
25600000000 16983563041
42875 39304
815730721 429981696
2985984 1771561
1874161 1679616
5159780352 2357947691
1444 1369
481890304 387420489
113379904 85766121
2744 2197
852891037441 656100000000
1185921 1048576
10460353203 8031810176
331776 279841
676 625
361 324
17249876309 13492928512
19487171 10000000
1475789056 815730721
234256 194481
794280046581 512000000000
2476099 1889568
64339296875 52523350144
2565726409 2176782336
24 23
33 32
1 1
4826809 2985984
1 1
268435456 170859375
121 100
10648 9261
2357947691 1000000000
31 30
17210368 14348907
614656 531441
148035889 113379904
29 28
1728 1331
2985984 1771561
1785793904896 1406408618241
1 1
1 1
25 24
815730721 429981696
1369 1296
1048576 923521
194754273881 163840000000
32 31
38 37
4347792138496 3512479453921
11 10
17249876309 13492928512
23 22
1406408618241 1099511627776
6103515625 4586471424
484 441
1 1
759375 537824
390625 331776
50625 38416
9261 8000
20511149 17210368
105413504 62748517
13 12
64000 59319
529 484
11881376 9765625
34359738368 27512614111
2825761 2560000
1207269217792 794280046581
7625597484987 5429503678976
16 15
163840000000 137231006679
576 529
19683 17576
54872 50653
20511149 17210368
3512479453921 2821109907456
29 28
8031810176 6103515625
19683 17576
21952 19683
68921 64000
3512479453921 2821109907456
20736 14641
1 1
1 1
42875 39304
893871739 612220032
26439622160671 19683000000000
47045881 34012224
28 27
4586471424 3404825447
38 37
69343957 60466176
54872 50653
79235168 69343957
1475789056 815730721
625 576
11019960576 6975757441
1475789056 815730721
2085136 1874161
1024 961
322687697779 198359290368
16777216 11390625
2494357888 1801088541
2562890625 1475789056
441 400
46656 42875
9765625 7962624
24300000 20511149
37 36
21 20
19683000000000 14507145975869
400 361
34359738368 27512614111
4913 4096
1 1
1156 1089
10604499373 5159780352
1089 1024
1521 1444
2251875390625 1785793904896
400 361
34359738368 27512614111
1679616 1500625
1 1
83521 65536
32 31
893871739 612220032
10578455953408 7625597484987
10604499373 5159780352
11019960576 6975757441
14641 10000
22 21
68921 64000
1 1
25 24
191102976 148035889
104976 83521
1 1
1331 1000
12167 10648
576 529
537824 371293
656100000000 500246412961
2313441 2085136
537824 371293
3200000 2476099
17249876309 13492928512
15 14
1156 1089
6436343 5153632
14348907 11881376
21 20
22 21
961 900
42618442977 34359738368
5429503678976 3814697265625
1 1
5352009260481 4347792138496
104976 83521
169 144
484 441
21 20
1 1
20736 14641
2313441 2085136
1544804416 1291467969
1444 1369
85766121 64000000
16 15
137231006679 114415582592
1024 961
79235168 69343957
17 16
29791 27000
50625 38416
784 729
194481 160000
28561 20736
19683000000000 14507145975869
1 1
22 21
2825761 2560000
54875873536 37822859361
1679616 1500625
6436343 5153632
1 1
17210368 14348907
14507145975869 10578455953408
54872 50653
1889568 1419857
47045881 34012224
17249876309 13492928512
1 1
1 1
2821109907456 2251875390625
1 1
268435456 170859375
1600 1521
28 27
4347792138496 3512479453921
390625 331776
22 21
256 225
1369 1296
676 625
729 676
576 529
130321 104976
2251875390625 1785793904896
2985984 1771561
331776 279841
83521 65536
1521 1444
400 361
28561 20736
46656 42875
234256 194481
331776 279841
8031810176 6103515625
4826809 2985984
676 625
170859375 105413504
1475789056 815730721
39 38
1 1
3404825447 2494357888
4294967296 2562890625
8031810176 6103515625
361 324
225 196
110075314176 78310985281
6103515625 4586471424
8000 6859
214358881 100000000
1521 1444
1406408618241 1099511627776
1024 961
810000 707281
656100000000 500246412961
456976 390625
1 1
60466176 52521875
4084101 3200000
1 1
1444 1369
1679616 1500625
16983563041 11019960576
37 36
576 529
59319 54872
1 1
656100000000 500246412961
1874161 1679616
198359290368 118587876497
1185921 1048576
1889568 1419857
248832 161051
160000 130321
2357947691 1000000000
289 256
262144000000000 208728361158759
14348907 11881376
3200000 2476099
101559956668416 78815638671875
361 324
46656 42875
28561 20736
52521875 45435424
11881376 9765625
1 1
21952 19683
35184372088832 26439622160671
64000000 47045881
1 1
1 1
7984925229121 6553600000000
262144000000000 208728361158759
594823321 481890304
85766121 64000000
18 17
1331 1000
612220032 410338673
4096000000 3518743761
279841 234256
5352009260481 4347792138496
17210368 14348907
148035889 113379904
54875873536 37822859361
4096 3375
24300000 20511149
104976 83521
52521875 45435424
18 17
54875873536 37822859361
244140625 191102976
39 38
9261 8000
1785793904896 1406408618241
3404825447 2494357888
69343957 60466176
208728361158759 165216101262848
22 21
1 1
1 1
1874161 1679616
79235168 69343957
32768 29791
2494357888 1801088541
16777216 11390625
289 256
10604499373 5159780352
45435424 39135393
114415582592 94931877133
810000 707281
78310985281 54875873536
28629151 24300000
19683 17576
852891037441 656100000000
105413504 62748517
129961739795077 101559956668416
4913 4096
1444 1369
22 21
1728 1331
614656 531441
481890304 387420489
7962624 6436343
625 576
26439622160671 19683000000000
12 11
268435456 170859375
35937 32768
1 1
1 1
50653 46656
1600 1521
2313441 2085136
17576 15625
26439622160671 19683000000000
1521 1444
10604499373 5159780352
256 225
47045881 34012224
794280046581 512000000000
191102976 148035889
1369 1296
1 1
1291467969 1073741824
1681 1600
118587876497 68719476736
1 1
208827064576 152587890625
54872 50653
28629151 24300000
34 33
68921 64000
1 1
21952 19683
16983563041 11019960576
1681 1600
27512614111 21870000000
28561 20736
1225 1156
256 225
2985984 1771561
32768 29791
17576 15625
1889568 1419857
1 1
1521 1444
729000000 594823321
19487171 10000000
2565726409 2176782336
4913 4096
28629151 24300000
152587890625 110075314176
3814697265625 2641807540224
198359290368 118587876497
152587890625 110075314176
10460353203 8031810176
64339296875 52523350144
16983563041 11019960576
1 1
1 1
26439622160671 19683000000000
759375 537824
137231006679 114415582592
24 23
165216101262848 129961739795077
22 21
10578455953408 7625597484987
24300000 20511149
68719476736 38443359375
1 1
1336336 1185921
17576 15625
2744 2197
24300000 20511149
35 34
21 20
289 256
64000000 47045881
52523350144 42618442977
21870000000 17249876309
165216101262848 129961739795077
101559956668416 78815638671875
1600 1521
104976 83521
244140625 191102976
429981696 214358881
1 1
1024 961
42618442977 34359738368
841 784
262144000000000 208728361158759
85766121 64000000
10578455953408 7625597484987
14641 10000
531441 456976
512000000000 322687697779
6103515625 4586471424
3010936384 2565726409
7625597484987 5429503678976
3814697265625 2641807540224
105413504 62748517
5352009260481 4347792138496
2176782336 1838265625
17 16
282429536481 208827064576
37 36
35184372088832 26439622160671
170859375 105413504
1 1
33554432 28629151
248832 161051
34359738368 27512614111
54875873536 37822859361
1 1
13824 12167
852891037441 656100000000
2197 1728
7529536 4826809
64339296875 52523350144
1 1
129961739795077 101559956668416
45435424 39135393
3404825447 2494357888
2357947691 1000000000
2251875390625 1785793904896
148035889 113379904
481890304 387420489
2821109907456 2251875390625
78310985281 54875873536
18 17
852891037441 656100000000
4096000000 3518743761
4826809 2985984
62748517 35831808
52521875 45435424
19 18
256 225
6859 5832
19683 17576
2821109907456 2251875390625
625 576
1406408618241 1099511627776
2176782336 1838265625
10578455953408 7625597484987
371293 248832
1 1
410338673 268435456
1 1
1048576 923521
4294967296 2562890625
331776 279841
27512614111 21870000000
1 1
50625 38416
2744 2197
32 31
20736 14641
10578455953408 7625597484987
208728361158759 165216101262848
17249876309 13492928512
2085136 1874161
923521 810000
26439622160671 19683000000000
20 19
148035889 113379904
11390625 7529536
1 1
2251875390625 1785793904896
1296 1225
815730721 429981696
36 35
1 1
14641 10000
1 1
1600 1521
1679616 1500625
54872 50653
41 40
17249876309 13492928512
1681 1600
324 289
214358881 100000000
37822859361 25600000000
244140625 191102976
256 225
322687697779 198359290368
676 625
500246412961 377801998336
118587876497 68719476736
1544804416 1291467969
10604499373 5159780352
170859375 105413504
2821109907456 2251875390625
11019960576 6975757441
25600000000 16983563041
1 1
18 17
110075314176 78310985281
16777216 11390625
68921 64000
1801088541 1280000000
113379904 85766121
30 29
1500625 1336336
5159780352 2357947691
59319 54872
19487171 10000000
62748517 35831808
1 1
52523350144 42618442977
78364164096 64339296875
17249876309 13492928512
2197 1728
94931877133 78364164096
1048576 923521
165216101262848 129961739795077
10604499373 5159780352
10460353203 8031810176
25 24
4084101 3200000
4084101 3200000
810000 707281
1600 1521
456976 390625
32 31
16983563041 11019960576
1728 1331
9765625 7962624
104976 83521
34359738368 27512614111
1838265625 1544804416
1889568 1419857
137231006679 114415582592
2085136 1874161
169 144
170859375 105413504
1 1
262144000000000 208728361158759
33 32
15625 13824
5429503678976 3814697265625
2494357888 1801088541
105413504 62748517
60466176 52521875
612220032 410338673
1 1
6975757441 4294967296
46656 42875
137231006679 114415582592
429981696 214358881
7962624 6436343
39135393 33554432
208728361158759 165216101262848
32 31
529 484
10578455953408 7625597484987
815730721 429981696
1225 1156
1 1
794280046581 512000000000
163840000000 137231006679
39135393 33554432
137231006679 114415582592
28561 20736
10460353203 8031810176
2251875390625 1785793904896
4096000000 3518743761
1 1
1874161 1679616
28561 20736
46411484401953 35184372088832
531441 456976
400 361
105413504 62748517
59319 54872
68921 64000
64339296875 52523350144
79235168 69343957
2476099 1889568
34012224 24137569
1600 1521
198359290368 118587876497
1500625 1336336
1406408618241 1099511627776
34012224 24137569
208827064576 152587890625
529 484
2176782336 1838265625
289 256
10460353203 8031810176
214358881 100000000
729000000 594823321
60716992766464 46411484401953
4084101 3200000
13824 12167
12167 10648
3518743761 3010936384
25 24
1 1
1048576 759375
165216101262848 129961739795077
4586471424 3404825447
32768 29791
110075314176 78310985281
794280046581 512000000000
30 29
16 15
5153632 4084101
1 1
6436343 5153632
46656 42875
47045881 34012224
1 1
377801998336 282429536481
60466176 52521875
4826809 2985984
32768 29791
19683000000000 14507145975869
59319 54872
30 29
20661046784 10604499373
1 1
456976 390625
2494357888 1801088541
16983563041 11019960576
14348907 11881376
429981696 214358881
21 20
1 1
36 35
9765625 7962624
1 1
1 1
78815638671875 60716992766464
169 144
191102976 148035889
322687697779 198359290368
19487171 10000000
83521 65536
1475789056 815730721
0 0
