78
9
8.6 74.7
8.2 71.7
68.0 62.3
63.1 61.7
24.6 55.6
70.6 70.2
27.5 51.7
36.3 9.8
70.4 11.7

85
6
33.8 63.6
2.5 25.4
1.9 18.2
58.6 27.5
36.7 10.4
65.5 23.0

80
12
42.6 7.5
23.8 28.5
8.2 51.6
75.6 42.3
22.7 65.6
56.3 38.1
38.1 59.7
17.5 45.1
71.2 46.8
54.1 34.6
13.4 46.2
9.7 66.3

78
3
55.1 34.2
62.9 67.6
67.7 70.4

100
18
17.7 98.4
55.6 5.3
40.4 48.8
17.3 87.9
34.2 13.6
72.4 28.4
43.5 62.8
76.3 51.3
29.4 29.6
58.8 21.4
48.1 95.1
79.5 15.1
74.9 15.2
74.9 10.6
52.4 60.5
40.6 90.1
75.0 64.5
76.5 40.3

69
17
61.8 2.7
44.1 59.7
36.3 21.6
13.4 23.4
9.2 48.6
52.6 39.6
16.2 65.3
60.7 67.3
54.7 43.6
18.3 13.5
43.3 66.4
53.4 19.4
12.7 61.5
32.8 2.3
63.1 5.9
67.3 44.8
67.7 4.7

67
14
21.3 48.9
23.5 5.7
13.6 15.9
8.3 17.0
61.9 15.4
40.0 26.5
28.2 52.8
13.9 8.9
62.3 39.2
46.3 8.7
47.2 24.7
53.4 12.3
8.1 22.4
38.9 50.6

93
18
31.7 59.4
76.6 60.6
47.6 10.6
43.8 45.7
70.6 23.7
84.4 73.2
73.1 20.8
91.6 22.1
46.0 38.6
18.9 80.8
17.9 31.4
70.5 57.8
63.5 41.7
5.3 7.9
48.9 64.6
52.9 49.7
5.4 28.1
35.7 66.1

50
11
14.3 48.5
45.6 3.4
8.1 37.3
19.6 4.7
5.4 10.0
34.7 48.6
38.7 31.1
46.3 43.4
34.5 47.1
8.4 40.9
12.0 2.2

69
11
35.2 7.6
32.6 34.9
37.0 26.6
42.1 54.3
67.5 68.5
13.8 37.3
67.2 11.1
31.5 42.6
7.8 7.3
60.1 11.6
64.9 37.8

91
16
40.9 64.9
37.9 44.0
86.0 1.3
68.9 10.7
31.5 64.3
34.8 38.2
87.2 4.2
78.3 67.6
70.1 87.9
8.4 67.7
74.4 68.4
69.2 74.7
16.4 8.5
70.8 69.0
70.6 3.0
89.0 89.3

76
19
42.2 31.0
48.2 62.1
72.5 19.5
16.9 71.0
41.8 13.2
9.1 47.7
10.8 58.6
60.3 38.7
33.3 51.1
26.9 14.8
29.4 46.1
18.6 3.0
71.8 32.7
3.7 7.6
23.4 48.6
5.7 25.7
66.6 55.8
11.0 51.1
62.9 6.5

78
8
71.6 74.8
77.3 16.6
20.7 48.3
65.0 37.8
11.0 33.7
43.2 66.1
49.8 16.4
1.9 10.6

89
14
40.1 5.6
88.1 83.0
1.3 24.7
18.8 70.0
43.7 78.3
5.7 44.1
3.2 27.0
72.1 37.3
46.6 12.5
57.6 3.4
56.7 14.3
26.5 7.1
14.2 3.3
68.1 10.8

99
14
4.8 76.0
22.1 25.4
73.2 57.8
61.0 25.7
16.8 67.6
88.3 78.5
61.3 32.0
94.6 71.3
7.1 26.4
8.0 52.1
41.2 94.9
89.8 55.3
97.0 37.1
93.3 72.7

73
9
29.1 29.7
42.2 59.8
21.5 55.5
62.3 37.5
16.1 47.2
72.0 64.9
70.9 18.8
41.5 70.8
27.6 53.5

60
4
13.3 24.6
12.6 9.9
47.3 46.7
51.9 20.6

60
17
56.9 16.2
4.3 4.2
29.5 38.9
23.1 55.1
9.4 31.5
9.7 31.5
52.3 25.9
15.4 42.4
10.1 41.9
53.9 58.7
33.8 12.3
25.2 4.9
37.7 50.2
48.0 11.2
32.2 57.9
22.4 41.1
27.2 56.9

73
6
37.6 65.6
10.5 46.7
40.1 37.4
15.6 53.8
8.7 49.0
22.3 14.3

90
11
26.4 78.4
33.5 78.2
82.6 5.0
53.0 62.3
13.5 63.2
59.5 36.4
25.1 60.1
79.6 50.1
74.4 48.0
9.0 49.6
20.5 76.9

50
15
3.0 29.8
35.2 32.1
33.1 12.7
44.9 5.7
46.7 22.6
32.0 35.9
17.5 40.8
35.8 42.2
48.0 20.0
35.1 41.9
29.3 49.3
17.4 47.9
43.8 37.3
5.9 25.9
48.0 26.3

84
2
73.4 58.4
7.7 29.3

56
7
22.3 53.5
1.6 18.5
13.4 15.8
26.3 10.7
40.4 48.6
34.9 18.0
51.3 8.0

99
8
71.0 36.5
67.8 8.2
19.5 21.6
17.6 30.9
92.2 81.9
42.5 65.5
14.2 1.1
6.8 31.2

93
7
52.4 54.6
24.3 92.2
20.3 21.8
68.7 40.4
86.2 76.2
33.4 81.2
47.5 85.9

71
10
14.0 23.0
47.1 15.6
10.6 2.0
9.7 62.8
37.1 39.0
50.9 10.0
1.5 23.7
14.8 24.3
51.3 20.8
49.8 18.1

86
15
77.5 21.6
64.2 64.0
16.6 10.1
9.9 69.6
73.6 63.3
49.1 21.5
57.4 24.2
25.9 33.3
43.7 38.6
60.8 7.3
35.6 51.8
5.8 76.5
9.1 46.9
50.0 35.4
36.9 14.4

52
17
8.4 8.4
46.7 12.0
30.7 23.3
4.0 7.5
29.6 44.4
18.7 26.9
15.1 25.4
45.5 26.7
15.6 41.0
29.6 39.4
11.6 4.2
27.0 3.0
47.8 23.3
44.1 16.4
2.7 30.1
44.3 9.5
28.6 37.4

77
13
45.1 12.0
67.4 21.8
67.2 56.7
73.0 29.2
55.2 66.3
49.3 45.3
29.9 51.2
14.1 29.3
76.4 19.2
59.9 47.8
2.3 50.2
10.6 57.5
36.6 30.9

70
20
27.9 34.6
47.3 43.3
43.0 9.9
7.8 10.6
3.4 7.7
41.3 67.7
3.6 19.3
48.2 3.5
16.2 37.9
26.1 2.4
59.3 65.2
9.6 57.5
33.0 56.3
28.9 40.9
41.4 61.4
11.5 6.0
25.7 6.9
39.5 53.2
59.3 3.8
6.4 6.1

78
5
10.4 54.7
16.7 68.4
27.5 73.1
52.1 69.7
10.5 9.2

83
2
13.4 59.5
48.8 40.2

55
19
48.3 50.2
38.5 20.0
4.6 14.2
35.8 46.7
31.5 16.1
26.6 35.9
20.6 34.2
11.1 45.9
9.2 8.2
24.0 41.3
20.0 51.1
33.8 46.1
32.8 39.2
53.5 17.2
11.9 48.8
42.8 14.4
53.5 20.8
25.2 36.8
10.8 49.3

81
18
25.7 57.6
26.2 25.2
52.2 6.3
26.6 42.2
5.0 69.7
3.3 79.1
24.6 28.9
49.4 65.1
62.9 27.9
44.2 56.1
79.1 69.8
13.0 45.5
50.5 7.5
34.0 20.4
33.1 12.2
58.0 47.6
16.0 24.2
58.1 13.4

84
11
69.9 75.3
17.6 28.6
62.4 19.2
42.6 37.4
45.8 14.4
57.2 33.7
16.8 83.6
24.7 48.5
38.6 64.5
33.3 72.1
12.6 34.2

90
4
63.4 59.3
31.6 14.9
68.6 74.7
69.1 52.1

62
9
3.5 14.8
8.2 20.1
15.5 54.6
29.9 17.7
47.4 29.4
2.9 2.5
22.6 32.9
10.8 27.0
51.9 56.9

89
4
62.9 23.9
54.5 1.6
28.4 38.4
11.1 26.2

75
2
47.5 12.6
43.0 43.6

64
10
20.9 6.1
2.1 22.8
39.8 22.0
42.8 16.1
10.7 36.9
62.3 57.2
29.7 11.5
33.1 30.2
35.7 59.3
52.0 15.7

98
4
75.4 17.9
39.4 33.6
53.0 35.7
35.4 89.6

93
5
39.1 79.2
10.7 67.8
19.0 71.7
49.1 50.5
62.7 12.4

50
18
12.5 33.7
13.9 4.6
9.5 19.8
8.7 18.2
35.5 35.2
6.3 3.4
1.1 4.0
15.1 46.6
14.2 39.1
33.3 34.8
20.6 44.8
9.5 18.5
22.3 10.3
45.0 4.6
46.2 23.6
35.5 10.5
45.6 17.5
10.7 6.7

91
9
15.2 31.3
56.7 15.4
33.3 84.6
77.6 31.5
8.8 32.5
62.4 77.4
61.5 13.9
2.6 39.3
9.1 27.6

72
19
32.5 40.0
37.3 9.4
67.1 1.7
57.8 35.9
60.6 59.0
68.2 71.5
24.8 26.4
71.1 34.5
27.0 43.4
59.9 50.6
53.9 66.8
7.2 49.1
69.0 3.7
56.4 5.4
19.8 51.9
18.8 55.4
13.3 58.5
47.3 30.7
38.8 13.4

60
7
17.4 50.8
14.2 53.9
14.2 44.6
15.7 28.9
32.5 53.2
4.7 41.2
43.7 27.6

63
11
17.9 31.2
17.0 9.0
32.7 23.8
39.0 31.1
44.9 28.4
49.0 49.6
10.0 41.1
51.8 14.3
16.0 47.4
10.6 53.3
9.8 4.4

74
16
17.3 54.9
49.9 45.8
28.2 15.0
15.0 15.8
43.5 56.9
48.1 66.4
45.8 29.8
25.8 4.1
52.5 16.3
73.3 58.1
70.9 13.9
63.9 27.0
64.7 56.3
50.3 32.5
12.2 4.3
69.7 34.0

70
13
5.0 15.5
32.2 27.6
53.7 10.7
44.6 13.8
25.6 45.3
4.2 63.7
53.3 29.8
24.2 64.8
28.0 26.5
35.6 5.6
35.4 32.6
31.0 3.8
60.5 21.4

60
18
38.0 32.1
37.8 29.3
16.2 22.5
10.1 30.3
35.0 49.1
38.4 2.2
56.3 21.7
30.2 42.9
48.7 6.4
7.2 55.4
59.6 59.2
42.7 35.8
41.6 25.0
8.6 2.4
23.9 23.4
50.2 40.7
39.4 27.9
54.0 58.0

71
14
41.4 37.5
53.1 18.0
22.0 62.0
34.2 23.9
27.3 38.5
23.8 9.5
37.9 57.4
48.8 39.9
13.5 36.1
24.1 54.7
40.1 52.1
36.8 60.5
37.5 7.6
45.9 4.9

50
11
45.5 17.7
34.8 10.9
19.2 26.0
10.5 41.6
22.6 11.5
7.6 4.5
31.1 38.2
33.1 17.5
45.6 25.8
31.6 14.5
20.5 28.3

90
12
53.5 79.0
76.2 26.5
66.3 55.2
13.3 48.4
87.1 61.8
21.5 21.5
87.4 69.7
14.5 39.3
83.5 8.2
6.1 24.2
58.5 29.8
58.4 39.4

77
13
46.2 18.7
66.3 64.1
5.7 13.2
20.1 47.4
72.2 22.0
75.7 1.0
1.5 20.2
18.9 29.9
50.1 22.3
65.0 65.2
59.2 70.9
14.3 9.3
64.9 19.8

60
10
39.7 35.2
45.6 43.0
16.3 6.9
1.1 45.3
14.8 21.7
51.8 1.3
50.9 56.5
21.8 36.3
10.5 20.5
41.5 1.4

84
9
28.9 56.8
83.4 20.1
66.0 49.8
9.9 83.2
29.5 78.1
19.3 17.2
14.2 6.6
45.2 69.0
25.9 51.5

97
8
25.5 39.3
63.3 2.4
93.7 16.0
64.9 41.8
3.8 51.3
86.4 44.4
20.9 72.9
23.4 65.1

72
16
55.4 46.3
59.9 24.0
62.9 47.9
58.2 54.0
48.1 49.5
29.6 54.6
45.6 2.3
39.9 1.2
65.6 63.4
13.8 34.9
46.7 44.3
9.2 59.1
37.2 9.5
55.8 69.3
64.0 62.8
35.9 18.7

88
5
2.7 74.9
31.8 50.0
81.2 21.7
12.2 23.1
62.8 70.4

94
13
77.8 69.5
83.2 10.9
34.8 70.4
69.2 8.4
20.3 17.3
29.9 42.7
74.7 47.4
63.2 47.2
89.2 60.9
83.9 62.3
76.7 18.4
26.0 28.8
47.3 80.8

74
3
53.3 6.6
69.3 17.5
73.2 51.3

86
6
61.4 33.9
40.5 57.7
64.2 3.3
28.9 52.4
69.7 75.1
28.9 32.9

86
16
48.7 39.8
54.7 61.9
46.3 64.8
11.9 48.3
55.5 83.7
41.9 23.3
10.2 55.3
78.3 58.3
84.9 13.7
68.3 64.7
14.8 49.0
8.9 5.9
68.2 36.3
5.2 77.8
71.7 36.4
68.6 48.1

73
19
3.4 43.7
20.4 65.1
54.1 8.0
20.6 13.2
45.4 51.0
6.4 64.0
38.1 42.4
47.3 4.0
59.7 57.5
40.8 42.2
58.2 41.6
58.3 39.7
58.3 25.8
12.8 67.4
52.3 43.5
8.6 41.4
8.9 66.6
47.6 35.7
27.6 10.7

60
6
27.3 20.4
53.1 26.1
56.3 47.5
17.8 53.7
40.4 57.3
10.1 35.8

86
3
21.4 48.0
74.5 77.3
80.2 81.4

53
11
19.6 43.2
28.4 50.3
23.1 7.1
15.8 29.8
12.7 26.1
9.3 5.1
26.6 47.3
32.3 31.2
32.6 11.3
39.4 41.8
15.8 40.1

70
3
54.2 19.0
9.4 56.3
8.7 7.2

50
10
32.2 38.9
1.7 48.4
8.1 42.2
35.1 16.9
45.5 12.6
43.6 4.9
30.6 26.0
49.7 8.8
13.7 41.3
35.1 34.0

59
2
56.3 35.4
54.6 47.0

96
15
18.1 16.1
27.4 60.5
49.5 18.4
59.3 52.9
22.5 61.1
75.3 41.2
8.4 64.0
15.3 48.8
83.8 57.9
24.8 74.2
55.7 32.9
52.4 69.1
6.5 24.3
85.6 73.4
11.6 44.4

82
7
72.5 43.9
26.2 35.7
47.4 38.2
40.7 64.5
13.3 78.7
74.1 30.1
5.0 61.2

97
9
2.4 48.1
10.1 51.6
14.2 87.8
4.2 75.0
49.3 83.2
47.6 60.9
50.3 7.5
25.6 87.3
49.3 69.1

67
4
62.1 54.0
47.6 46.6
12.4 33.8
37.6 35.8

70
10
19.9 49.5
28.2 69.8
8.0 29.5
58.5 6.4
22.4 46.7
33.9 26.5
28.6 69.0
49.0 43.2
25.8 34.5
45.9 32.7

55
7
14.8 52.1
38.5 5.2
12.5 46.9
23.7 49.3
37.5 51.5
11.1 48.2
34.5 24.4

80
3
4.4 20.7
56.7 68.8
20.8 46.8

53
18
44.3 33.9
36.1 10.2
40.3 15.1
9.9 19.4
4.4 33.0
48.6 33.5
47.6 9.2
32.6 49.8
52.3 42.4
6.3 27.1
8.7 31.0
32.9 30.8
15.7 13.0
50.7 23.7
21.3 47.5
38.7 29.1
35.3 25.6
39.4 15.2

65
11
54.6 24.2
44.5 51.7
54.9 40.4
13.8 43.3
21.5 14.5
54.4 46.7
3.8 54.6
64.4 44.1
58.8 35.8
37.7 42.6
23.2 41.0

65
14
47.5 13.4
4.4 17.6
33.4 59.0
43.5 46.5
25.9 42.6
56.6 36.1
61.4 63.5
10.3 18.7
12.5 38.1
36.3 1.7
40.2 37.7
21.2 28.5
39.6 63.9
6.3 57.5

96
18
83.5 39.3
9.3 42.4
70.2 24.4
62.6 61.6
93.3 73.9
22.8 64.2
74.7 85.1
10.8 13.6
63.7 79.2
1.6 50.3
32.8 39.2
45.8 26.8
56.3 52.5
34.4 6.2
82.2 53.9
33.9 8.4
93.5 6.6
81.7 8.5

79
13
48.1 6.6
51.5 1.9
60.1 8.3
19.7 44.0
41.8 26.9
60.6 3.9
78.5 47.2
22.5 29.1
12.2 73.8
57.5 6.9
3.9 38.0
36.8 65.8
7.0 37.6

95
6
73.6 29.3
57.3 88.9
77.7 30.9
11.1 76.3
32.3 1.3
55.7 25.4

64
19
6.3 12.3
13.0 47.1
11.8 38.7
33.7 62.8
39.6 13.6
26.8 16.8
41.0 1.7
34.0 60.6
6.8 9.7
11.5 22.7
24.9 47.3
6.3 56.0
20.4 15.7
49.3 5.1
7.6 52.2
17.0 59.3
58.8 22.2
13.6 36.0
38.2 41.7

94
19
30.7 4.6
50.5 35.0
12.0 8.2
92.3 25.1
86.3 93.1
19.3 24.6
88.9 6.4
50.0 51.0
39.4 78.2
60.1 62.1
41.7 24.1
38.1 85.0
16.6 2.1
75.5 53.8
5.8 7.3
45.6 81.7
26.1 75.7
70.9 93.4
53.6 15.8

61
14
33.6 12.4
13.3 15.4
47.4 37.9
18.2 21.2
3.1 25.6
39.5 33.1
3.9 40.9
48.5 39.4
29.6 20.7
11.5 39.5
19.9 40.0
45.2 34.4
11.6 13.2
41.9 40.6

73
16
36.8 34.9
30.7 20.4
62.0 46.4
26.2 64.1
58.6 34.9
20.2 37.8
26.1 27.0
45.5 70.1
35.2 70.6
18.7 28.1
70.9 14.8
13.3 56.6
20.5 7.8
68.4 34.4
46.3 40.7
47.2 43.8

99
20
71.6 3.0
58.8 18.2
13.7 33.5
7.7 64.8
58.6 23.4
55.2 9.0
42.8 64.3
48.9 60.2
92.9 3.1
35.8 12.3
12.9 36.2
35.8 62.2
21.9 90.0
37.3 6.1
40.8 79.5
83.0 90.0
53.9 26.5
77.6 95.4
51.7 56.4
5.7 10.2

82
3
66.9 24.8
32.2 75.0
40.0 28.6

71
20
16.4 58.4
21.6 28.5
2.6 19.1
18.8 44.5
55.5 45.7
5.0 18.0
3.5 40.5
1.2 50.5
53.6 13.5
27.9 9.6
58.6 7.7
58.4 19.7
16.9 23.9
53.6 8.6
20.8 66.8
65.3 6.3
23.9 59.1
19.0 29.3
20.7 70.8
31.6 21.9

70
19
27.4 48.1
8.4 2.4
41.8 10.3
62.7 23.6
55.1 15.3
48.2 40.4
10.6 34.9
30.1 17.1
37.7 10.8
14.6 46.9
48.8 34.0
55.1 64.0
18.5 1.6
43.1 66.6
4.0 48.0
49.8 4.6
42.3 4.9
34.6 44.2
19.3 48.6

75
10
49.1 56.0
58.4 25.3
63.9 53.0
6.3 8.1
51.1 13.1
21.8 8.4
11.9 19.9
49.0 15.3
37.3 52.2
11.8 6.9

76
5
25.1 74.7
28.3 47.1
70.8 27.9
39.0 43.0
33.3 46.6

93
7
33.8 39.3
48.6 41.3
29.7 68.1
16.4 25.0
23.8 83.1
80.7 25.2
22.5 44.8

63
16
17.4 51.3
2.8 24.8
59.7 28.1
51.5 6.5
54.5 33.1
10.9 32.7
34.9 11.2
37.1 52.4
18.6 26.8
37.9 18.4
13.7 42.8
46.8 14.1
7.2 32.1
11.6 9.5
9.4 36.8
53.1 2.1

80
10
49.1 13.4
29.8 33.0
27.9 66.2
55.8 31.6
76.4 63.6
7.9 12.5
14.5 2.7
27.8 30.1
70.8 72.9
33.2 29.5

77
18
62.6 31.4
6.7 40.4
15.9 42.3
23.0 58.3
16.9 60.4
38.9 5.6
5.3 62.1
48.2 64.0
28.3 66.6
29.6 14.1
53.0 22.6
43.2 55.2
38.6 55.7
58.0 9.9
26.9 28.5
45.7 27.0
69.9 35.4
52.0 35.0

83
6
40.5 16.8
34.6 23.6
17.9 35.5
17.1 69.3
69.0 77.8
6.8 18.1

98
4
83.3 57.6
79.3 38.3
6.8 35.0
51.2 75.8

93
3
61.9 79.6
90.1 4.0
8.5 76.0

70
4
4.0 6.9
23.8 23.2
24.2 65.4
16.7 2.9

87
9
39.9 13.5
67.7 27.4
59.7 67.3
49.6 50.2
72.8 44.4
80.6 4.5
37.1 8.1
50.3 73.7
31.6 66.2

95
17
47.9 10.7
15.6 36.8
45.3 81.0
66.4 31.7
10.2 45.0
38.3 82.9
85.5 59.0
29.8 85.1
60.7 32.4
68.8 42.9
67.1 13.5
35.4 61.9
10.5 27.7
51.2 77.1
77.7 1.5
30.1 39.5
73.4 73.1

72
6
46.7 62.9
13.4 41.8
33.7 40.1
45.4 8.0
62.9 64.2
5.2 10.3

75
11
43.0 71.7
44.8 27.7
34.8 52.3
39.9 52.1
44.4 39.4
60.7 26.4
7.4 15.2
74.5 27.9
58.4 38.5
61.5 5.0
53.4 58.5

57
7
46.2 49.7
27.8 37.9
41.1 32.3
47.0 28.4
33.6 5.6
5.2 24.0
32.9 43.3

53
2
6.4 12.2
37.5 26.0

70
2
31.6 22.9
6.6 12.5

69
19
47.0 8.1
23.9 16.6
2.5 25.5
48.5 54.4
14.1 47.2
29.3 42.7
21.9 57.0
21.2 29.4
3.4 38.9
24.4 19.6
39.9 64.8
12.0 5.6
51.7 55.3
66.1 28.7
14.7 63.2
16.5 28.8
62.4 52.3
19.6 51.9
2.7 16.9

89
14
33.4 41.1
10.5 48.8
60.6 82.0
38.7 83.1
59.5 36.5
87.2 72.7
52.1 30.5
83.3 36.3
41.5 80.5
61.1 55.1
58.1 38.8
10.3 48.1
5.9 28.8
88.0 37.8

67
11
53.9 21.1
16.4 26.2
40.5 40.1
4.8 38.0
48.6 51.0
27.0 22.9
5.9 1.1
5.7 30.9
20.4 35.0
41.6 33.7
50.1 29.6

61
6
5.4 22.3
51.5 9.0
60.0 16.4
52.6 19.8
46.6 52.4
14.1 45.6

67
13
20.5 14.1
26.6 40.5
55.4 26.4
49.7 57.7
34.7 38.8
58.2 3.9
64.3 37.2
33.8 26.7
56.8 40.9
17.7 63.0
66.4 1.5
29.5 20.9
43.3 14.9

87
11
11.1 85.3
27.2 42.0
49.4 50.1
73.8 50.9
53.3 36.1
21.9 41.7
55.6 75.5
9.3 41.2
37.6 58.0
37.1 80.6
11.2 31.1

62
3
58.7 48.7
12.1 9.4
32.1 26.3

82
17
28.6 70.6
53.5 17.6
25.7 58.5
31.4 74.8
69.3 73.7
3.9 36.1
33.6 17.3
29.2 80.2
22.9 66.7
7.1 74.7
27.2 40.4
23.0 81.8
70.6 60.2
7.7 70.3
68.4 10.3
38.5 69.1
77.3 59.4

75
4
31.5 23.9
2.1 31.7
27.4 28.5
69.6 63.7

57
8
17.7 44.8
28.8 45.8
4.3 42.5
50.8 36.4
13.5 47.5
30.7 27.8
9.5 1.3
54.9 11.4

54
5
38.7 5.9
29.7 20.7
1.1 48.8
17.7 10.7
22.2 13.8

83
15
77.4 41.9
55.3 30.9
32.5 53.2
21.6 39.7
32.1 21.5
21.8 21.7
37.4 50.1
67.2 52.8
1.4 70.5
3.1 29.1
75.2 14.2
50.5 47.7
36.1 8.1
25.3 12.1
3.4 16.8

83
2
25.0 44.3
4.8 32.2

67
19
1.2 11.2
16.0 2.7
7.5 45.4
7.5 36.7
66.3 56.5
21.7 10.9
65.0 18.4
25.9 9.2
61.8 63.3
43.6 10.6
57.2 60.1
49.9 27.8
50.6 66.2
56.2 22.7
51.3 40.0
63.0 44.9
26.3 14.7
47.8 34.7
16.8 18.0

79
20
78.8 22.5
1.5 12.7
13.7 30.2
4.7 62.3
15.2 33.0
59.9 1.3
62.1 65.4
77.0 62.9
25.0 6.7
16.6 55.6
3.1 44.7
43.9 20.5
42.4 11.6
22.1 66.0
52.2 62.2
72.2 9.3
55.0 55.3
14.9 77.4
45.4 9.5
25.8 13.2

61
16
57.4 35.8
57.0 10.7
56.4 57.9
36.2 29.0
26.5 36.7
1.6 23.8
29.3 11.1
53.9 26.0
32.8 44.3
51.4 37.9
56.5 53.9
14.5 35.1
4.5 5.5
48.4 42.2
31.6 15.8
18.6 58.3

66
15
53.9 13.3
58.1 17.7
5.4 9.1
11.7 16.6
28.8 46.9
59.5 52.4
1.5 65.3
6.7 38.3
38.8 56.2
23.5 52.3
12.0 34.3
55.1 16.0
32.8 58.9
17.9 59.8
55.5 7.4

97
4
83.2 52.9
65.2 52.9
56.9 19.3
10.3 20.3

100
17
2.6 7.7
54.7 44.3
65.9 43.5
25.9 18.9
98.7 56.5
77.8 36.4
91.4 28.2
45.9 6.7
39.8 71.4
8.0 21.6
38.8 2.2
89.1 79.3
60.0 13.3
68.3 49.8
29.3 28.6
91.6 95.4
71.3 47.7

71
11
58.2 15.3
40.8 4.6
21.1 55.2
43.7 43.7
36.9 16.6
9.6 11.4
14.7 7.1
65.5 28.6
65.6 53.1
65.2 64.4
38.5 37.0

50
9
14.3 7.9
28.6 38.6
26.3 18.0
4.3 46.6
5.8 6.6
46.0 11.4
2.8 48.7
28.3 14.1
6.3 18.7

96
16
69.5 44.6
50.8 30.5
13.7 87.8
14.6 58.6
67.1 88.2
86.7 19.8
68.3 42.6
59.9 23.7
23.7 30.0
50.6 35.4
2.1 38.7
27.6 38.7
70.8 79.3
87.3 32.7
45.4 95.9
66.3 21.3

50
12
17.4 48.5
47.7 47.5
29.3 35.2
20.5 19.8
28.7 14.4
46.4 26.8
48.1 13.0
15.5 49.9
30.3 2.9
28.5 1.4
22.1 29.4
4.6 47.2

76
8
24.6 14.9
7.5 54.7
8.3 61.7
72.4 21.9
72.5 22.1
59.3 67.6
63.5 4.6
68.5 67.4

81
9
10.8 46.7
27.7 61.3
71.3 34.8
34.3 34.5
10.0 34.1
60.4 64.2
26.3 18.5
71.0 20.5
23.8 73.3

75
2
72.9 24.3
66.1 46.1

96
17
64.0 34.3
7.8 33.0
85.8 79.6
47.9 81.7
91.3 43.1
52.2 6.3
44.5 84.0
82.0 60.8
52.3 71.1
3.1 71.5
51.6 24.2
35.6 62.6
10.5 6.1
44.3 68.3
12.1 35.8
54.8 83.9
85.4 38.0

84
5
21.9 27.9
61.0 43.3
83.8 53.7
19.7 56.5
65.5 30.2

71
15
12.6 4.9
32.4 55.1
1.3 36.9
52.3 48.8
56.1 20.7
45.2 23.0
1.4 55.3
11.9 20.0
2.7 6.5
29.3 60.7
36.0 11.5
8.5 61.0
11.1 46.0
18.8 41.7
45.6 7.2

80
12
74.1 8.1
35.0 29.3
72.8 73.7
50.8 69.4
8.0 4.0
49.2 13.6
16.4 3.4
75.4 10.8
40.2 15.7
61.9 24.1
60.3 30.1
57.1 12.2

88
15
2.1 73.5
40.7 66.5
68.5 76.8
74.9 27.8
38.5 12.1
55.7 6.8
65.0 16.7
82.7 3.3
32.9 86.9
84.0 12.8
65.4 1.9
28.1 38.1
9.6 28.7
87.5 80.2
87.8 50.0

96
18
31.1 6.4
55.6 85.3
28.5 16.6
34.5 79.7
52.4 23.8
29.0 35.1
54.4 94.8
31.2 51.8
44.8 75.4
30.8 10.6
9.4 76.9
85.7 24.6
95.6 38.3
95.5 14.8
37.2 46.8
71.2 84.9
94.8 86.3
94.9 56.3

91
11
83.5 71.2
62.4 61.4
34.1 55.3
16.5 46.5
22.0 12.1
19.1 18.2
68.5 37.3
65.6 56.5
21.8 49.7
49.3 54.1
67.6 66.0

96
4
43.0 60.8
62.8 66.6
73.0 48.3
11.2 59.0

83
3
80.3 54.2
7.2 26.1
74.3 23.4

57
15
5.8 40.2
56.5 32.7
36.4 7.4
16.5 16.1
21.8 13.9
24.8 43.3
28.8 29.4
42.3 25.0
18.9 31.8
31.5 38.6
33.1 34.7
8.6 39.2
27.2 16.0
47.2 7.4
4.1 28.0

80
20
36.6 51.5
1.1 26.2
22.8 59.7
45.7 34.1
18.4 36.9
6.6 58.0
7.6 75.6
46.1 47.1
45.6 61.9
25.2 71.9
18.5 32.8
4.7 24.3
36.0 42.9
57.3 51.2
52.9 31.0
55.7 37.8
31.0 6.0
57.5 15.6
72.4 59.9
76.0 29.4

97
15
34.9 22.0
37.6 28.0
30.8 52.9
90.9 11.6
26.7 63.7
47.1 95.4
25.6 96.3
9.6 39.1
54.0 46.4
67.0 45.1
96.8 87.1
91.1 60.0
68.1 19.7
28.7 92.2
94.2 51.6

93
3
88.3 57.2
62.5 5.2
51.9 3.3

64
17
22.1 40.5
20.5 31.0
59.4 11.9
41.3 44.2
15.9 42.5
7.5 5.6
46.2 10.4
54.0 62.0
10.8 20.3
22.1 26.4
22.9 25.5
42.2 31.9
36.5 40.9
16.9 47.0
37.2 60.3
58.1 10.3
63.3 32.7

52
19
18.5 21.5
4.7 47.1
40.8 33.1
41.8 25.4
14.3 19.8
28.8 6.8
1.8 5.1
37.6 16.4
45.7 1.9
22.6 48.0
19.2 38.4
33.7 8.1
8.2 5.0
23.7 51.0
40.2 1.9
13.0 34.2
15.0 2.2
7.6 48.2
27.0 3.7

86
15
41.3 41.3
76.8 27.2
79.5 11.9
65.7 19.9
22.8 27.2
35.3 16.8
37.2 38.3
15.9 24.4
57.6 41.0
53.1 62.2
6.2 39.5
74.9 68.7
13.6 53.6
15.5 75.0
1.7 57.0

67
5
41.4 29.1
10.3 55.9
36.5 46.7
13.8 1.3
4.1 57.0

70
7
69.2 27.2
13.0 60.9
66.9 60.4
11.5 10.9
13.1 3.2
43.4 55.6
34.6 3.1

63
9
55.6 61.2
44.0 13.8
54.3 13.1
27.2 3.3
25.9 11.5
56.4 52.3
7.0 54.5
45.5 23.5
51.5 49.5

62
10
35.5 59.7
4.8 53.7
8.1 19.1
11.5 60.3
24.1 14.2
51.0 54.3
52.0 9.2
59.8 11.6
7.7 39.8
56.4 30.2

86
17
82.0 19.1
10.1 52.2
6.9 56.2
9.9 53.2
70.3 46.6
2.1 55.0
47.3 15.0
84.7 33.9
14.8 28.0
25.5 54.2
48.8 8.2
66.2 12.6
17.2 9.3
55.4 64.1
51.9 30.5
49.4 12.7
16.2 44.3

90
10
45.5 78.4
62.1 35.9
72.9 60.9
30.2 43.1
20.4 1.9
36.8 10.8
16.5 46.2
86.0 64.3
55.6 21.6
50.0 71.2

75
16
62.5 39.7
49.9 46.3
70.3 23.7
6.1 42.5
69.9 51.3
52.2 35.3
60.9 66.1
28.2 71.1
39.7 36.4
25.2 32.1
16.3 33.0
1.1 41.0
60.5 22.5
71.8 30.7
41.3 30.3
65.7 14.2

76
11
35.7 49.5
44.5 48.8
22.3 22.7
9.8 42.7
64.0 17.5
34.5 2.2
55.4 17.4
20.7 49.2
27.0 13.1
30.2 57.2
49.7 63.9

95
19
90.1 34.8
10.6 29.2
1.5 15.0
67.7 74.6
34.5 72.3
67.7 3.3
66.0 21.8
57.2 5.8
68.1 89.8
38.2 9.4
4.1 30.8
6.6 65.7
12.1 28.8
56.3 41.2
54.6 84.1
7.8 9.4
3.9 70.5
14.4 93.3
78.2 27.7

75
3
72.7 46.8
72.7 50.0
40.2 7.8

78
14
9.9 29.6
25.3 1.6
67.4 73.4
35.2 54.6
12.0 42.0
52.4 16.7
41.9 60.9
37.8 69.3
23.1 24.4
70.5 68.7
2.7 14.3
30.7 75.1
9.4 30.0
22.9 43.9

91
2
16.5 62.4
8.2 19.5

100
11
33.9 15.4
31.1 80.2
12.5 82.9
92.0 88.8
42.6 63.2
41.4 6.6
87.5 80.5
75.5 21.0
99.9 73.5
95.0 96.8
93.6 93.7

68
11
55.9 33.4
4.4 31.9
63.0 54.5
66.9 30.4
25.5 51.0
12.8 55.5
6.8 40.7
18.3 37.0
18.9 17.4
27.1 64.7
28.1 42.3

92
7
43.8 57.9
14.2 26.3
53.7 18.2
47.2 69.2
12.4 60.3
74.5 64.4
6.8 66.0

54
5
34.4 39.9
2.5 17.6
17.7 33.8
48.1 13.3
18.3 52.8

76
8
15.5 9.5
6.5 32.2
9.1 49.9
72.7 43.4
16.6 25.4
24.6 22.1
31.2 67.8
53.1 13.5

99
14
93.8 57.8
96.1 42.0
74.2 45.5
28.1 92.1
60.9 74.0
75.6 74.6
71.7 88.6
75.0 13.4
95.4 35.8
31.0 54.2
71.1 58.3
69.8 52.5
40.4 43.9
15.1 51.0

75
9
13.7 48.1
43.6 4.4
43.0 41.2
20.0 45.4
72.1 35.1
33.3 48.8
55.7 45.8
73.4 45.9
21.4 40.0

90
14
39.3 33.3
80.8 27.8
50.2 74.1
14.6 19.7
88.9 43.3
23.8 37.5
1.8 12.3
39.2 88.6
65.9 80.9
29.9 75.6
44.0 43.8
21.6 86.7
42.8 84.4
71.0 71.4

85
10
81.8 22.1
41.0 41.7
46.6 62.2
20.0 60.4
75.6 21.2
7.0 55.0
39.1 26.6
5.9 47.8
57.4 80.6
9.5 18.3

56
10
22.2 54.1
43.7 11.6
5.1 51.4
15.3 9.6
45.6 29.4
7.3 43.2
52.4 55.5
49.0 34.4
37.7 3.1
18.6 2.2

52
20
49.8 34.7
27.7 40.7
27.9 12.1
36.5 14.2
3.1 17.1
9.6 42.8
44.5 43.8
34.6 18.1
8.7 6.6
6.7 50.3
50.0 5.5
28.6 43.9
8.8 51.2
9.1 48.3
45.8 43.5
13.0 31.0
23.1 17.4
3.6 44.1
49.0 22.3
3.0 11.2

62
9
4.2 43.0
26.9 54.8
41.0 43.5
39.6 40.3
27.1 4.7
20.3 39.2
14.7 21.0
24.7 31.3
20.0 51.6

77
3
68.6 71.1
33.0 67.7
14.2 64.7

70
17
55.4 35.4
23.0 48.6
36.0 36.6
59.3 28.7
12.7 67.4
69.2 7.3
65.3 64.8
35.1 7.4
49.9 51.7
29.9 15.2
10.6 11.0
5.8 15.6
16.4 56.8
45.8 11.7
57.5 52.9
6.6 12.6
57.8 33.9

60
19
16.5 31.6
38.2 32.8
27.7 17.3
42.9 33.6
51.6 7.6
44.1 36.1
17.1 20.0
3.4 56.7
37.4 40.6
17.9 7.0
4.5 50.7
10.6 55.0
28.4 59.0
49.0 7.9
7.0 11.4
40.9 40.9
33.3 7.0
32.2 20.2
50.6 18.9

90
18
27.0 49.6
3.2 10.8
25.8 89.3
54.7 88.9
18.0 52.4
32.3 79.5
49.0 21.7
78.7 59.7
86.0 60.2
5.6 47.4
3.7 35.7
45.3 5.2
30.4 56.4
13.5 21.1
62.9 84.4
69.0 28.1
18.0 29.5
74.9 67.3

81
11
46.0 15.4
55.5 68.2
27.3 42.7
42.5 78.6
66.0 12.9
30.9 34.8
50.0 13.4
14.9 20.2
66.8 79.1
62.0 61.9
7.0 70.0

64
15
2.7 47.6
38.1 3.1
27.3 37.1
27.7 14.8
54.8 62.8
17.7 21.9
27.7 8.0
4.7 57.8
15.9 18.8
35.8 29.0
48.1 63.3
4.7 44.0
29.5 17.8
22.0 17.5
27.5 6.6

80
15
26.7 38.1
67.8 65.5
1.3 58.3
78.1 48.3
54.6 49.5
1.6 1.2
5.4 63.8
67.3 23.7
52.0 23.3
26.4 75.8
53.9 75.0
28.9 19.3
49.8 73.5
3.4 52.5
8.7 4.4

83
2
40.9 40.9
75.2 3.9

63
9
44.2 53.7
45.6 16.1
10.8 27.6
4.4 2.7
54.2 20.8
6.1 58.6
15.5 28.5
49.9 31.0
52.2 38.2

53
16
39.9 22.4
20.5 10.0
43.4 17.8
46.8 32.0
15.0 32.0
25.3 47.0
20.6 50.0
48.1 22.3
27.8 36.8
41.4 6.0
49.1 37.0
35.2 20.1
45.5 43.7
21.1 45.4
41.5 20.1
23.1 47.9

79
10
27.3 53.6
11.0 14.0
26.9 70.5
42.6 71.5
50.5 73.2
54.3 21.5
28.5 49.7
74.1 45.8
33.6 61.3
69.5 36.5

99
7
86.4 58.0
71.1 66.5
9.4 25.6
25.1 29.5
90.2 77.8
35.3 42.3
7.8 19.3

99
15
3.8 29.1
35.1 60.8
44.6 39.9
44.7 55.0
70.2 15.8
78.4 22.8
32.3 42.0
83.7 21.0
36.3 50.9
61.3 75.6
4.5 10.9
71.6 13.4
73.3 51.9
30.4 9.6
40.6 10.2

68
16
24.7 53.9
39.2 4.3
21.6 34.7
56.8 50.0
9.4 42.2
55.7 67.5
37.4 64.2
44.0 60.0
48.0 15.2
29.6 7.1
33.4 65.4
55.9 17.9
18.2 2.0
42.9 1.6
37.0 41.9
58.6 67.9

83
12
28.3 33.0
64.2 12.3
39.7 56.5
16.9 28.0
74.4 67.9
69.0 36.8
9.6 24.3
27.5 33.8
65.0 42.3
63.5 67.5
22.6 72.4
4.7 23.1

52
19
1.1 32.4
34.1 42.6
26.9 1.7
20.2 5.7
45.1 39.6
47.2 19.7
8.2 49.2
36.8 28.3
20.6 5.0
3.8 20.6
37.0 51.6
12.8 6.1
16.2 41.0
35.2 16.8
36.9 18.4
16.0 14.9
2.0 41.8
18.4 10.3
43.0 17.9

97
20
25.7 21.3
70.6 48.5
43.6 59.0
73.9 9.2
29.5 15.9
86.9 9.6
27.0 72.5
66.3 13.3
3.5 35.3
86.4 32.8
34.1 44.9
51.1 79.7
54.3 49.3
92.9 85.4
24.6 11.2
87.4 50.7
72.8 63.6
62.2 90.4
57.6 50.5
29.0 4.9

65
15
20.3 12.8
31.3 17.6
8.9 4.3
53.6 19.0
42.1 32.5
12.0 41.3
24.5 33.2
42.3 21.2
31.0 63.3
10.9 3.7
18.5 31.4
13.7 38.9
53.6 32.1
62.8 22.9
28.9 30.8

56
7
49.1 21.3
43.0 53.3
34.0 18.2
10.3 14.5
38.0 1.2
44.7 32.0
25.7 5.0

74
2
5.6 35.9
65.2 33.5

87
3
51.9 54.3
42.2 22.4
14.7 86.7

71
2
9.1 64.1
33.9 35.1

78
12
62.8 16.8
31.3 13.8
67.8 46.1
4.2 62.9
46.6 6.4
16.4 69.3
39.7 11.7
12.7 10.9
67.4 40.1
50.8 43.2
74.7 76.0
72.0 8.7

100
13
77.1 9.2
56.5 81.1
7.4 46.6
39.7 38.3
26.5 55.1
7.6 51.5
67.7 14.5
75.8 87.9
15.0 93.5
98.1 20.9
86.0 53.3
95.2 75.8
4.0 79.2

79
7
40.3 46.6
76.3 60.2
35.6 66.4
32.2 56.4
26.8 49.4
76.5 9.1
77.9 11.3

95
9
94.2 81.8
24.7 17.9
73.3 82.9
52.8 20.8
6.5 93.6
71.0 83.2
57.8 45.4
78.6 11.2
41.5 54.6

57
4
44.2 7.3
34.4 42.9
6.9 20.0
44.9 19.4

56
6
42.9 32.6
2.0 26.0
22.0 10.8
52.3 22.8
27.3 4.2
31.8 55.9

86
15
67.9 70.1
40.3 25.1
6.3 22.0
70.0 34.0
62.3 70.7
37.7 28.1
54.0 23.9
40.4 2.0
47.3 21.5
63.3 39.1
17.9 22.2
30.2 23.3
6.0 72.0
60.6 70.6
81.7 33.2

82
8
44.8 59.0
39.0 74.9
81.3 18.1
25.3 78.8
71.1 55.7
73.0 74.8
22.8 53.0
23.3 65.4

87
18
86.7 61.9
81.1 22.5
14.4 80.4
12.7 73.0
28.6 81.3
64.0 10.0
79.1 70.4
70.4 60.2
73.3 64.7
10.6 36.2
10.4 36.9
86.2 75.5
5.0 16.2
55.5 64.3
43.6 36.8
41.1 25.7
22.0 11.4
86.1 71.9

70
10
37.1 59.5
5.9 34.2
18.3 19.2
9.6 33.8
43.5 14.6
42.9 63.2
47.9 7.5
31.3 10.2
27.4 56.6
64.2 60.4

96
12
65.9 51.7
1.9 80.8
72.5 68.4
68.9 13.2
85.8 5.5
2.9 47.4
16.4 43.8
86.7 11.3
3.6 31.1
95.8 29.9
12.2 93.9
87.1 5.5

59
5
30.6 54.6
36.2 29.6
49.5 13.5
25.7 28.2
37.5 56.7

67
9
35.1 18.6
58.2 3.8
21.5 63.6
14.4 9.8
7.7 4.3
61.2 23.7
60.9 20.8
35.9 65.7
25.6 29.1

58
14
17.2 51.8
36.8 19.8
19.8 11.4
2.6 17.5
56.0 14.0
57.2 35.8
52.0 38.3
40.0 26.1
37.6 50.3
36.0 42.0
48.6 34.8
33.9 37.1
20.1 28.6
43.3 11.2

87
16
40.6 53.7
71.3 42.6
42.9 61.8
16.3 74.8
57.5 40.4
75.7 73.3
73.2 79.0
47.4 86.6
82.8 77.4
6.5 45.9
64.7 11.2
72.9 14.0
60.7 75.5
31.8 50.1
56.7 72.6
58.9 59.4

74
2
64.2 12.0
1.3 33.5

67
7
54.9 18.9
2.0 23.0
53.5 62.7
8.1 17.4
62.3 63.6
42.8 57.1
11.3 23.5

80
17
59.1 56.5
54.4 69.7
12.3 25.1
65.4 11.9
77.5 8.1
4.1 62.1
73.1 46.0
46.4 65.8
4.0 23.2
9.5 61.1
59.6 67.3
6.5 23.1
6.7 8.4
70.8 71.3
36.5 52.0
24.0 38.9
2.3 46.0

68
16
9.9 33.5
31.5 39.3
2.8 56.4
22.8 12.5
57.8 38.6
15.9 25.1
56.8 29.4
42.5 4.8
33.9 60.4
14.3 24.2
34.6 2.8
36.6 7.0
6.9 57.5
32.2 64.4
6.3 22.4
64.3 13.7

56
20
25.4 4.6
29.0 20.3
24.2 35.9
25.9 15.1
29.7 54.2
16.4 28.6
5.4 22.8
53.3 38.7
45.2 6.1
17.3 39.9
3.6 28.1
8.0 21.9
44.6 7.5
45.0 33.2
30.6 20.0
42.7 5.5
44.6 53.4
16.1 23.5
28.8 34.1
31.5 20.3

73
11
41.3 22.8
4.1 36.1
33.8 22.7
55.1 57.0
20.1 39.9
47.0 26.2
62.7 52.1
47.2 48.2
8.5 57.5
52.8 28.4
23.8 16.1

74
4
52.8 44.3
22.8 22.5
47.5 60.6
33.2 2.5

86
6
26.6 40.2
73.1 43.9
72.4 76.0
39.5 72.4
60.1 72.5
51.0 85.8

91
2
72.9 52.6
64.6 74.4

72
18
70.6 8.9
1.1 24.3
40.2 4.5
64.3 37.2
7.5 25.5
63.0 69.7
67.3 9.1
39.9 38.2
16.3 22.7
25.5 30.1
20.1 19.3
32.8 52.6
3.3 63.9
6.6 18.4
6.6 33.9
68.4 50.6
65.1 33.4
55.8 10.2

92
11
83.5 32.8
63.3 79.0
19.1 1.2
49.7 73.4
51.4 78.0
33.9 15.6
64.9 90.4
68.7 71.6
23.2 48.0
57.4 60.4
64.3 24.3

100
9
51.2 54.7
26.0 12.9
20.5 27.9
14.0 87.8
10.0 11.0
44.5 47.6
44.6 90.1
27.5 20.9
7.0 82.9

54
9
5.0 4.4
2.5 51.9
42.1 25.6
15.4 23.8
35.8 31.3
3.1 4.3
35.7 6.8
5.0 25.0
44.7 51.3

99
20
74.3 78.4
34.4 84.4
9.2 66.1
95.7 67.3
7.2 70.5
96.1 94.4
71.3 28.7
72.4 39.9
50.0 64.1
73.4 7.8
63.7 80.4
89.1 43.8
11.4 7.9
90.9 8.7
65.0 27.3
87.3 33.8
69.2 80.2
70.9 28.6
79.2 28.9
29.2 90.4

96
10
86.3 13.0
87.3 69.4
28.8 88.8
94.8 78.9
39.0 56.0
77.6 63.1
85.1 78.3
11.3 36.9
87.5 49.0
37.4 33.3

79
16
68.7 50.2
73.1 76.9
63.5 56.0
58.0 54.3
55.4 41.8
2.3 37.1
24.2 11.8
78.1 11.0
6.8 70.9
20.7 59.6
31.3 31.1
20.7 72.6
43.0 68.4
38.6 49.8
46.5 49.5
3.7 61.5

59
9
9.4 5.4
46.6 17.2
40.9 40.8
4.1 22.4
25.9 57.5
21.1 52.2
41.7 11.6
26.3 11.8
21.2 7.4

69
5
39.8 49.8
61.2 14.9
33.1 18.8
58.8 16.7
39.8 25.4

86
14
75.4 42.6
14.3 68.9
25.5 40.7
7.7 67.4
77.2 58.2
5.3 8.7
80.4 20.6
15.8 77.1
82.2 49.8
37.0 27.1
80.2 43.2
72.8 33.2
79.4 61.6
19.7 68.1

76
3
66.2 59.1
57.0 9.1
16.8 53.6

78
9
13.6 12.8
49.4 30.3
44.2 64.3
15.1 25.1
68.7 41.4
16.0 20.3
40.8 73.0
27.6 57.4
28.9 50.9

65
19
19.6 48.1
26.3 41.5
30.9 6.1
58.0 42.2
58.7 34.0
13.7 22.2
28.1 58.4
10.3 42.0
27.2 48.3
38.9 64.7
6.4 38.4
18.5 31.3
45.4 58.3
16.9 43.1
16.2 60.7
50.0 63.1
14.3 52.3
18.6 64.7
14.3 58.1

83
10
59.7 52.6
75.8 49.2
6.0 4.9
77.6 74.7
32.4 9.5
22.6 32.4
49.9 51.3
47.4 67.0
53.3 80.3
24.0 22.0

64
12
63.9 3.1
28.0 8.7
12.3 42.5
12.3 44.4
47.2 15.4
51.6 44.4
38.1 30.5
55.2 50.3
50.2 8.6
36.4 14.0
58.5 2.8
59.0 32.5

69
7
42.1 8.3
43.1 29.0
62.9 50.4
32.7 57.7
48.9 41.8
10.3 54.8
62.7 34.1

52
20
46.7 17.5
36.5 23.3
24.6 38.8
24.9 17.5
2.8 13.4
28.3 37.4
13.7 30.2
35.9 34.7
10.4 25.4
46.7 51.5
41.8 23.0
39.4 46.0
33.8 8.9
37.9 36.3
10.8 47.7
39.7 24.5
6.1 9.7
43.2 13.0
6.4 9.8
40.2 24.9

99
3
27.5 47.7
68.2 51.7
26.0 56.6

99
13
59.6 47.0
67.9 1.6
3.4 75.9
10.1 62.9
53.9 83.8
9.6 41.7
35.9 19.0
68.8 84.9
64.3 60.4
42.9 40.4
85.8 9.7
31.4 1.6
84.5 83.2

63
9
44.1 52.8
51.0 30.8
28.7 37.8
30.1 16.5
10.8 40.8
9.5 47.8
34.6 24.6
47.0 51.8
28.0 49.5

85
20
77.3 4.3
22.1 49.2
13.3 44.7
77.3 16.3
10.5 42.4
37.6 5.5
45.2 55.1
65.7 16.3
26.7 31.1
77.9 2.6
1.9 19.5
42.2 20.8
39.3 29.2
67.8 16.5
81.0 30.1
45.2 19.9
39.6 60.8
18.2 54.3
33.2 39.5
46.5 22.9

86
11
1.6 75.1
2.5 58.5
72.5 7.6
45.7 66.3
38.1 17.0
4.3 1.5
48.3 76.2
11.9 54.3
75.3 43.8
45.2 5.3
33.5 83.6

82
8
7.7 51.6
24.3 64.6
8.1 51.6
10.6 41.3
22.3 35.5
79.1 13.3
7.7 70.4
4.8 73.2

90
19
44.1 54.8
8.8 26.3
39.1 34.0
39.3 1.0
59.5 75.2
29.7 75.5
78.4 72.4
2.8 1.2
41.3 69.1
85.5 60.0
3.4 25.9
64.4 10.2
28.0 48.2
29.8 6.0
77.3 70.7
67.5 50.8
23.0 78.1
89.1 70.9
71.7 83.0

81
11
63.6 60.4
77.4 64.4
13.4 41.6
27.5 65.3
35.7 59.0
8.4 58.9
58.9 6.6
47.9 60.8
43.9 69.5
73.0 41.7
72.7 72.6

76
19
48.5 56.8
57.2 67.5
48.3 23.0
54.2 47.0
7.5 43.6
56.2 13.9
5.1 19.3
27.1 69.6
15.3 59.9
62.3 60.9
46.8 8.5
15.8 7.5
46.0 62.5
4.4 24.0
17.3 32.5
60.3 71.9
34.3 63.0
1.9 58.1
1.4 44.1

58
13
26.7 16.0
7.2 49.4
29.7 51.9
50.8 12.4
16.8 13.2
18.3 46.0
27.2 29.7
15.5 21.4
36.4 32.7
55.3 11.7
11.6 56.3
49.1 3.4
27.4 42.7

59
18
1.3 9.7
19.6 26.4
50.4 35.1
4.2 57.2
49.8 22.9
27.2 58.7
26.5 54.3
33.2 42.7
9.1 51.2
11.1 10.1
2.5 11.9
5.8 36.6
2.3 30.8
16.0 41.4
6.2 15.7
54.7 55.7
23.9 54.9
7.4 47.6

57
3
13.7 29.5
35.0 35.8
11.8 34.3

55
14
30.4 17.5
31.8 53.9
45.9 50.2
51.5 43.0
27.9 7.8
15.0 22.0
2.2 40.4
29.9 43.8
44.5 37.6
35.3 25.1
16.0 2.8
22.6 11.9
54.5 49.1
17.6 53.4

62
19
41.2 6.5
25.6 18.4
55.9 30.5
26.8 14.1
1.2 23.1
20.6 21.2
5.9 43.5
6.5 32.2
53.6 33.3
26.0 33.2
16.3 43.2
50.4 34.4
6.8 37.9
31.8 40.2
11.3 45.0
8.7 6.1
23.3 9.3
14.2 51.3
2.9 17.2

84
2
34.1 63.9
29.6 23.3

76
15
72.2 37.1
73.8 38.5
45.8 31.8
63.0 74.3
21.6 70.4
22.4 32.4
68.0 19.9
51.5 54.5
44.3 3.5
34.8 31.7
64.2 61.1
27.1 29.3
35.1 68.6
30.0 17.7
1.4 32.3

61
14
58.8 47.4
10.8 58.1
23.4 52.2
15.4 16.9
35.1 43.9
13.2 29.8
32.3 42.8
37.9 7.2
23.1 60.1
30.1 58.4
19.1 51.8
12.7 52.8
54.5 27.3
5.3 41.7

98
19
74.1 58.1
35.8 6.6
43.0 57.8
46.3 54.0
38.3 76.6
44.1 3.6
5.2 72.6
53.4 8.1
18.3 37.5
4.0 12.6
65.4 19.9
30.1 43.0
33.2 63.2
32.4 78.6
72.6 54.1
1.8 75.2
44.8 51.9
90.5 71.5
9.8 83.8

51
6
21.7 14.4
28.9 16.9
9.8 21.8
20.5 1.8
11.7 39.5
36.2 10.5

56
4
24.9 41.3
40.1 24.9
3.5 22.2
30.7 11.4

98
15
69.6 21.2
1.9 33.8
28.9 33.4
24.0 1.7
75.7 16.7
29.7 66.4
51.6 23.1
71.9 33.6
24.6 37.9
79.4 54.3
11.0 81.8
16.5 14.2
23.6 10.3
11.1 30.1
39.7 44.8

96
6
83.4 2.4
20.2 73.7
15.5 72.2
8.6 65.2
41.8 60.0
68.8 60.9

74
13
18.5 45.8
49.2 40.0
48.5 63.7
45.4 44.3
1.1 36.7
34.0 47.6
18.5 60.6
61.5 24.4
42.2 51.4
61.3 58.9
15.5 4.0
52.9 25.5
50.5 68.8

79
14
61.5 75.9
60.3 22.4
34.2 2.5
43.5 51.9
58.7 40.5
6.4 60.3
61.8 68.7
2.8 6.3
21.2 7.0
74.8 71.1
41.3 36.9
50.4 6.9
27.0 22.6
1.8 5.6

81
20
71.7 74.3
11.7 56.6
10.1 72.6
57.0 69.6
34.6 16.6
27.9 9.4
44.0 4.1
55.7 35.8
24.3 75.5
4.7 58.6
56.6 66.9
73.7 77.9
29.1 24.6
37.2 75.2
68.9 12.7
69.7 27.1
55.0 12.5
13.8 74.0
11.6 38.9
13.8 61.2

80
5
14.1 60.7
73.7 9.4
21.3 3.6
52.8 65.0
41.8 62.7

56
7
5.7 2.8
9.7 13.8
5.7 38.0
38.7 2.3
7.5 31.7
47.1 33.8
4.8 23.3

59
4
36.0 37.9
7.5 21.2
23.8 4.9
46.1 32.2

63
13
62.9 31.8
32.9 17.8
4.1 46.5
34.0 49.5
39.2 58.8
45.5 9.5
37.1 12.6
6.2 40.1
60.2 32.2
30.3 39.6
39.5 17.3
55.5 46.2
38.1 41.2

72
13
31.9 44.3
18.0 41.9
59.6 65.1
12.2 40.7
38.5 55.9
67.2 9.7
56.7 26.6
69.1 24.8
20.7 20.7
15.2 38.1
39.2 44.9
62.8 51.3
70.4 21.8

82
4
79.5 38.3
56.2 11.0
41.4 40.6
81.6 47.4

57
19
41.9 21.7
12.4 28.1
50.4 56.0
51.9 7.3
11.2 23.0
55.3 3.7
5.6 56.4
20.4 18.0
51.3 37.9
2.3 33.1
23.8 52.1
29.0 24.6
41.9 9.3
14.0 33.3
1.9 49.5
54.5 32.1
42.7 34.3
20.2 49.6
7.8 49.2

95
14
5.0 32.8
50.7 67.9
77.2 85.6
25.2 79.5
2.1 91.6
31.3 88.3
87.9 29.8
21.1 67.9
48.8 92.5
1.3 8.9
3.6 39.3
62.2 77.9
65.9 12.1
56.4 77.8

93
9
81.1 19.5
35.5 44.5
34.6 11.9
55.8 70.5
23.8 53.4
31.8 76.5
33.7 80.2
9.5 51.1
91.3 52.5

59
18
33.8 22.3
21.0 27.7
57.9 26.8
5.8 26.6
40.2 15.1
41.9 9.0
9.4 43.6
50.2 11.8
17.6 23.0
2.6 18.3
51.7 48.0
14.4 13.5
21.7 32.7
4.5 25.0
8.4 52.7
40.9 37.8
49.5 40.5
57.2 18.7

94
11
84.1 72.6
85.2 11.7
59.8 72.8
81.2 15.9
49.5 1.4
87.3 31.1
67.3 66.7
41.6 68.1
74.3 84.6
73.1 30.5
79.2 1.1

55
2
21.8 54.1
6.9 13.8

92
4
32.4 22.0
70.5 70.1
43.3 44.6
78.5 23.3

84
7
74.5 1.2
43.2 74.1
34.3 46.2
73.1 70.3
33.7 15.0
73.3 55.8
40.3 19.4

84
6
43.7 5.3
29.4 71.9
80.0 9.7
36.6 60.8
61.5 30.6
67.3 44.1

94
20
86.6 88.5
13.2 52.7
65.8 58.6
34.6 72.5
2.2 42.5
6.8 53.4
81.8 72.0
92.8 72.7
81.8 43.1
37.9 10.3
34.8 31.3
86.7 27.6
81.9 18.7
74.9 29.1
78.0 70.2
60.4 81.0
58.8 3.4
35.1 60.9
89.2 89.0
19.8 16.3

56
6
45.6 14.6
12.2 3.0
21.3 49.5
1.5 44.8
46.1 55.9
48.7 5.7

100
7
95.6 13.6
96.0 40.7
74.3 50.9
1.2 18.7
19.1 88.4
70.2 94.1
76.6 30.8

97
12
19.3 57.3
54.3 48.7
75.1 11.9
34.1 20.1
83.1 49.2
41.4 6.7
48.8 51.0
55.9 69.7
64.8 57.3
52.6 49.2
12.2 29.3
28.3 92.5

82
2
68.1 28.3
76.8 25.0

68
15
11.2 52.2
10.3 11.5
13.1 59.7
26.5 55.7
36.9 62.9
33.1 17.1
36.7 10.8
52.3 35.7
36.4 11.3
10.7 33.0
38.8 67.6
14.3 26.6
13.2 62.3
58.1 14.1
23.4 26.7

100
17
98.0 42.6
42.0 98.3
48.7 63.7
97.5 48.4
61.0 44.9
46.0 64.1
49.2 34.3
14.2 35.9
84.8 77.8
47.0 30.3
33.9 93.8
82.9 61.6
88.0 55.2
52.5 14.0
81.7 84.6
99.3 78.5
96.6 35.9

79
15
2.6 12.3
64.0 17.0
58.2 54.5
31.6 26.3
43.7 19.6
26.1 23.4
33.8 60.6
74.1 16.0
22.1 70.0
49.8 67.8
18.6 22.7
54.3 43.2
73.5 4.6
6.4 6.8
47.6 64.8

51
20
4.8 27.9
22.3 18.6
14.2 16.6
42.6 36.4
37.6 48.1
27.5 21.3
8.5 9.6
15.7 7.2
49.7 43.7
10.8 45.7
22.8 19.5
21.4 15.8
37.6 13.5
17.4 25.2
25.7 46.7
30.5 9.1
37.9 50.1
40.5 32.7
14.9 25.5
45.6 13.0

64
7
19.1 24.6
42.1 29.3
19.0 8.7
54.9 57.0
57.4 41.8
24.5 20.9
9.1 1.0

52
13
14.3 11.2
37.1 38.9
48.9 40.2
41.1 34.6
40.6 24.4
20.1 25.6
32.3 11.6
32.4 43.2
28.4 26.3
16.4 3.4
43.2 17.7
22.0 34.0
21.6 49.5

69
9
68.3 49.2
25.6 20.9
6.7 51.4
5.6 26.4
39.5 30.7
40.1 61.7
39.2 60.1
6.5 60.3
20.8 49.0

54
9
20.1 28.9
38.5 7.7
3.3 24.7
15.9 36.0
1.3 43.1
8.6 12.8
48.7 42.9
33.4 4.7
44.5 5.4

74
2
16.8 30.9
16.0 19.7

69
4
42.6 36.5
5.8 3.3
8.1 20.6
68.6 11.9

57
13
22.8 33.8
25.2 8.9
18.8 13.4
26.5 30.4
36.2 5.9
19.8 50.2
16.4 44.9
28.5 48.7
25.4 44.2
33.2 52.3
15.1 53.0
40.4 10.2
29.8 10.9

51
8
11.2 18.0
44.9 2.5
5.3 16.5
47.6 27.1
5.6 39.7
39.9 38.3
12.6 30.6
6.9 27.1

79
15
33.8 78.6
29.3 8.7
32.3 55.8
17.1 30.2
38.7 21.1
52.6 77.9
44.1 76.0
50.4 4.6
22.8 67.3
13.6 35.8
7.3 26.2
1.6 2.9
54.6 8.9
3.1 51.8
57.8 45.0

93
18
34.6 30.3
53.7 89.6
70.9 12.8
12.0 37.4
8.3 54.6
55.7 17.9
81.7 28.8
49.0 47.4
91.5 42.8
60.3 47.3
33.4 89.5
65.9 73.4
46.1 62.1
65.9 24.6
91.1 71.4
31.8 80.1
63.2 88.3
87.2 64.3

57
4
29.1 48.2
44.4 55.5
44.3 42.8
24.3 55.3

53
4
29.1 36.7
28.3 2.2
11.0 36.4
41.4 48.0

92
9
44.7 61.8
54.4 53.3
58.2 63.6
61.2 21.6
45.0 10.9
72.1 82.8
21.5 44.8
79.9 21.3
35.4 61.5

50
19
47.4 37.7
14.0 43.5
39.0 5.3
16.9 42.9
21.6 6.4
15.9 4.5
49.8 13.4
3.3 28.3
19.1 18.9
39.9 35.1
26.3 47.5
10.8 27.8
36.8 13.0
14.2 44.4
40.9 5.2
28.5 35.5
41.9 29.6
19.1 32.9
47.0 12.1

85
14
23.1 62.3
3.9 13.3
84.9 62.8
29.2 42.7
61.7 73.5
74.9 2.5
28.9 60.3
47.3 83.4
23.6 45.7
63.2 52.0
9.7 71.6
68.3 41.2
41.1 40.9
19.4 33.5

51
3
22.5 34.3
33.2 2.5
46.6 27.2

78
12
71.8 7.1
69.2 11.8
68.5 29.4
15.8 75.0
75.0 6.5
12.6 60.6
53.1 56.4
32.6 7.9
15.6 62.3
5.9 47.2
20.6 73.2
23.2 51.1

59
6
28.9 21.1
13.5 49.3
40.4 27.3
2.8 23.4
8.6 29.8
55.1 49.8

86
19
22.4 14.7
60.8 8.5
65.5 47.3
61.4 35.1
26.7 10.2
56.4 52.5
4.2 85.3
31.2 20.6
28.6 31.0
1.2 56.8
37.2 42.3
19.1 63.6
82.9 14.1
65.1 8.9
18.6 1.0
9.2 69.6
29.4 53.6
12.6 4.5
7.1 80.9

93
10
71.4 51.0
52.7 17.8
49.4 48.3
34.7 63.5
42.7 74.0
36.7 69.0
43.2 84.1
16.7 69.5
66.4 38.0
5.2 52.0

95
9
85.5 91.8
9.7 40.4
17.5 23.4
19.4 75.2
15.7 48.1
53.7 7.3
72.6 68.9
92.9 28.8
56.0 78.7

51
7
34.7 37.2
19.9 31.7
36.6 30.4
21.5 42.2
9.2 15.9
23.4 18.5
25.2 14.3

73
10
70.3 71.8
38.4 68.7
9.4 43.0
48.7 67.4
72.9 8.4
46.0 7.7
60.1 38.4
34.9 71.5
32.4 11.1
69.8 17.6

88
2
65.1 12.0
41.8 28.1

79
20
69.8 69.8
25.6 57.1
65.2 41.0
18.7 23.7
46.2 26.2
52.3 58.9
16.5 16.3
1.3 47.2
14.2 37.0
40.9 49.1
46.1 61.2
29.1 8.3
19.0 43.3
75.5 22.8
20.9 36.2
14.8 60.6
48.1 15.9
67.2 27.2
3.0 62.7
35.4 36.9

91
18
48.7 18.6
73.0 2.7
28.1 56.0
11.3 36.9
60.4 44.0
21.4 88.4
61.3 1.9
90.8 12.3
32.7 15.2
77.9 76.9
64.6 73.7
34.2 60.7
49.1 35.5
87.3 46.8
18.6 43.3
58.7 17.8
60.1 32.7
74.7 43.3

54
14
32.5 2.8
30.7 30.9
13.9 22.7
41.9 35.1
7.3 53.9
13.0 12.2
32.0 15.8
5.3 2.0
11.8 25.2
1.6 41.1
5.4 15.2
9.5 53.0
52.5 27.4
22.3 37.5

73
16
14.2 17.6
51.4 55.0
66.9 56.0
13.0 49.7
12.9 41.6
63.2 7.3
55.1 72.5
50.9 50.5
24.5 18.9
18.1 40.4
23.6 30.4
68.5 10.5
10.0 18.8
15.4 11.0
12.0 35.3
20.9 6.1

75
17
45.7 6.9
41.7 36.7
27.2 70.2
44.0 74.0
6.0 46.5
12.3 44.3
16.7 71.3
29.2 44.8
3.6 48.7
5.9 63.8
61.1 19.1
2.4 56.4
20.0 28.6
25.5 33.5
64.7 15.9
29.1 16.4
28.4 27.6

83
13
33.1 47.6
35.5 17.0
75.2 64.6
41.4 81.4
34.8 16.9
9.2 67.7
23.8 11.3
10.1 25.6
5.4 72.5
82.1 69.6
42.2 55.8
29.6 18.3
27.0 70.6

55
12
51.9 25.3
12.9 33.5
5.6 5.9
3.8 9.8
14.3 5.6
17.6 28.0
54.8 23.8
33.0 8.1
5.2 49.7
54.0 49.1
24.8 1.3
31.9 35.5

78
15
25.8 37.1
20.1 69.7
64.6 43.1
3.3 73.4
1.2 77.9
67.3 16.1
51.8 11.1
77.9 6.5
67.5 9.2
62.2 35.9
32.0 1.7
16.8 71.6
72.2 50.5
21.3 56.2
9.7 40.0

77
3
60.5 73.0
7.4 42.9
48.4 9.1

100
6
29.5 41.8
52.5 23.1
1.0 30.2
79.1 37.2
90.3 55.1
15.1 82.7

85
19
44.7 55.2
45.6 74.0
56.5 32.9
50.9 4.7
11.0 19.8
75.5 40.2
29.5 70.3
81.5 29.4
4.7 57.8
9.8 66.2
73.3 18.7
5.9 4.7
84.3 61.8
79.3 67.8
75.7 44.7
76.3 3.7
23.4 26.8
30.3 76.7
74.3 13.1

87
13
20.0 83.4
63.7 9.8
73.0 45.5
23.8 78.1
60.0 65.8
28.0 40.3
45.0 69.9
38.5 60.1
62.7 80.1
6.0 6.3
65.5 52.3
68.2 30.2
53.8 10.1

100
20
15.7 88.3
24.7 13.5
68.2 49.4
28.3 52.6
25.8 34.5
40.8 3.7
87.2 4.3
91.4 33.9
43.9 50.5
11.5 81.4
86.5 46.8
26.1 34.4
37.6 43.0
83.2 17.8
65.1 39.5
91.1 36.4
54.2 54.7
79.3 22.0
31.2 7.5
3.2 41.9

94
8
92.2 28.7
50.4 4.5
47.3 29.2
70.3 93.7
1.3 57.0
35.9 26.0
27.9 31.4
25.5 82.3

61
16
29.9 26.6
58.8 8.8
3.0 32.4
14.9 2.9
55.0 13.7
27.3 18.2
50.3 29.6
40.7 5.5
50.1 39.5
2.8 28.6
41.4 54.1
1.0 40.4
48.6 6.2
41.1 59.7
35.3 60.5
51.0 59.0

56
6
43.8 54.3
11.1 54.1
7.8 23.0
29.8 4.6
5.3 38.1
11.3 11.4

82
7
6.0 41.0
58.1 76.9
36.6 9.8
11.8 42.0
23.4 77.4
62.8 74.4
62.9 11.7

67
17
17.1 42.7
24.7 35.4
64.7 25.9
21.9 66.0
41.3 10.6
35.7 28.6
40.9 5.7
60.9 2.1
40.1 38.8
60.4 56.8
44.4 23.1
65.7 31.9
13.7 61.8
57.3 2.0
13.4 35.3
48.8 45.6
41.7 36.9

80
16
59.8 40.3
9.0 76.1
31.7 61.3
30.3 75.6
4.9 26.5
5.7 38.4
54.4 75.3
19.9 13.5
69.0 17.1
10.7 56.2
22.2 31.2
34.0 64.8
75.0 26.1
46.5 70.9
62.4 38.7
60.7 53.8

75
12
24.4 5.4
13.1 7.9
41.4 20.8
8.3 69.0
28.0 50.3
33.2 34.3
9.6 40.6
50.0 67.1
26.1 11.0
34.4 38.5
68.7 68.7
67.1 8.9

69
2
2.5 4.1
19.9 1.8

57
17
17.3 41.1
25.3 29.1
8.3 38.0
14.4 52.1
23.8 37.0
17.6 33.6
51.5 17.7
6.5 13.4
55.0 37.8
34.1 8.4
16.0 52.7
20.7 25.4
42.8 38.0
49.6 40.1
27.7 51.7
7.5 45.1
36.4 37.1

85
9
39.9 28.1
32.2 71.1
82.5 79.8
63.0 60.6
70.4 54.8
77.8 40.3
49.3 21.9
25.9 55.8
10.3 60.3

51
13
17.5 36.6
39.3 37.1
4.5 13.6
33.1 35.5
26.0 40.3
18.6 23.1
15.0 23.5
49.4 7.6
24.8 49.4
47.1 23.2
30.8 47.4
19.2 26.7
40.6 3.4

68
11
25.0 54.3
15.4 62.7
21.1 36.4
16.4 19.4
27.8 2.3
39.2 5.8
49.0 54.2
49.0 31.4
62.8 39.2
22.3 4.3
13.1 41.7

77
15
64.0 60.3
3.3 16.7
63.4 1.3
44.1 34.0
53.8 1.7
25.0 45.9
34.6 32.7
62.9 30.2
65.6 12.0
41.0 75.0
35.4 40.8
34.9 34.8
15.8 43.2
13.5 51.2
36.7 9.8

90
9
74.4 7.8
38.9 75.2
5.4 30.9
86.0 60.6
33.2 7.7
17.0 6.0
71.4 48.8
60.3 78.9
20.9 9.3

88
14
82.5 33.3
4.4 85.5
59.5 45.6
85.9 85.3
57.7 16.0
37.3 50.1
40.9 1.1
29.0 33.4
68.6 33.1
47.9 47.7
29.3 38.3
81.6 64.2
43.7 39.2
27.9 68.8

69
16
41.5 52.8
40.9 46.8
27.2 17.5
23.1 59.8
26.7 31.2
60.6 30.0
35.8 25.2
2.4 25.3
9.5 43.1
36.6 37.8
5.3 8.6
22.5 11.1
41.5 59.1
1.2 16.0
20.0 24.4
39.0 9.0

96
18
74.0 16.9
24.5 52.3
54.3 52.8
7.8 44.0
53.2 85.0
69.3 4.9
18.8 43.1
9.1 27.7
59.4 88.0
68.3 2.2
55.4 39.3
73.4 92.5
27.9 25.4
76.3 26.7
26.0 92.8
36.6 51.1
28.9 12.6
60.0 24.3

90
5
65.6 60.9
10.2 86.6
8.0 46.5
7.8 81.5
40.9 19.5

81
7
38.2 18.1
9.7 12.6
25.8 73.3
9.0 11.3
43.1 71.2
60.9 80.4
35.0 53.0

60
20
12.3 3.6
53.3 1.8
26.6 48.8
26.7 26.7
46.8 30.6
29.6 38.7
38.8 45.8
2.2 38.5
24.2 1.2
7.2 17.9
28.7 19.5
50.0 45.6
56.8 53.2
18.1 33.7
55.5 59.9
54.1 9.7
14.4 27.7
59.5 44.5
57.0 9.6
34.0 40.9

54
14
53.3 50.1
33.6 14.0
15.5 9.0
42.8 13.8
39.9 49.0
36.0 3.0
34.9 39.6
44.0 34.7
35.9 49.8
21.4 40.0
40.1 37.3
50.0 24.8
35.2 27.3
33.1 4.7

53
4
8.6 10.0
40.1 19.1
49.4 26.8
36.9 33.1

64
12
8.7 62.0
40.7 27.3
18.1 22.2
26.7 44.7
31.1 59.6
56.9 58.9
45.5 38.3
46.2 36.7
52.7 52.3
15.4 15.3
24.1 47.5
44.4 59.3

64
8
50.8 3.8
33.9 26.5
18.3 45.4
18.5 11.2
51.5 29.2
5.1 44.5
47.5 2.2
51.2 13.2

80
17
74.4 14.9
55.3 5.3
73.0 39.7
47.8 45.6
36.4 52.4
17.9 72.6
11.8 61.4
58.3 70.6
40.0 31.9
58.1 55.0
24.0 42.3
15.0 53.0
1.5 73.8
58.3 24.3
17.6 36.0
10.8 43.8
47.7 55.6

99
20
48.0 6.9
24.7 4.2
27.3 34.0
78.6 92.8
75.1 64.5
93.7 88.4
7.6 50.6
48.6 4.3
86.3 23.1
38.0 2.0
39.2 47.1
91.6 3.2
56.6 82.5
86.7 71.7
28.4 65.0
51.1 37.1
19.9 81.2
69.6 1.2
50.9 74.4
20.4 65.3

70
12
56.2 11.4
45.1 32.7
40.7 36.0
4.7 24.0
49.8 8.7
24.2 52.0
49.0 5.8
6.9 20.3
63.2 4.7
69.4 19.8
51.2 8.9
7.1 56.4

81
16
40.8 70.0
67.8 14.0
52.8 53.4
70.3 61.3
32.6 42.3
47.7 47.0
73.8 12.4
73.4 3.9
59.5 12.8
38.2 79.9
61.9 48.6
69.7 12.2
26.9 9.8
66.9 51.6
72.6 57.8
67.9 29.8

62
15
51.8 42.0
19.5 59.3
36.9 7.5
19.9 47.0
33.4 8.9
7.1 28.1
4.5 60.5
50.3 24.4
45.7 55.9
43.6 9.1
37.0 6.2
21.8 7.3
12.1 50.9
1.6 13.9
41.6 42.8

95
10
63.4 91.3
77.1 45.7
93.4 43.1
67.0 24.2
47.5 23.9
13.2 3.8
49.0 93.0
93.5 88.9
83.0 54.4
35.9 14.1

76
12
49.4 55.3
75.1 56.3
14.9 65.7
11.5 7.8
68.3 11.5
13.8 50.4
53.1 24.8
48.6 69.1
21.1 23.2
49.8 25.7
69.2 68.8
51.5 57.9

55
15
21.1 29.2
26.7 29.9
15.4 46.8
23.4 26.5
35.6 25.9
8.5 5.7
41.3 9.2
32.2 39.3
12.2 43.6
45.7 45.7
25.3 29.0
38.2 7.3
24.2 45.7
37.4 16.8
23.6 25.5

96
17
17.7 72.2
73.4 16.3
84.6 38.4
29.5 38.9
85.3 48.5
70.4 25.4
57.7 93.3
6.8 45.8
42.3 44.7
95.2 16.1
62.5 58.5
2.8 86.0
10.0 76.0
34.6 62.9
30.7 4.9
2.5 43.4
92.3 78.5

87
4
36.2 53.5
55.0 18.8
52.9 55.5
72.0 14.5

52
14
17.7 40.0
29.2 43.1
48.4 1.9
27.7 5.5
18.4 6.8
39.5 26.1
21.6 47.9
26.9 8.2
18.4 1.7
45.9 51.6
49.1 23.9
39.1 24.8
22.4 48.8
26.0 10.0

99
12
28.4 78.9
63.9 38.2
96.1 61.1
22.2 43.8
1.1 46.4
46.7 7.4
26.9 70.4
77.7 1.8
47.5 55.2
12.1 13.5
90.9 87.6
73.0 63.6

62
19
46.3 61.5
41.1 29.0
30.2 57.4
28.5 58.9
30.9 31.1
41.7 24.4
38.3 56.6
40.8 9.9
52.5 40.0
51.5 5.8
23.1 15.9
23.9 10.1
38.1 48.0
14.9 20.6
61.9 41.4
23.7 5.4
58.5 41.0
30.6 48.7
44.6 27.6

98
17
33.0 26.2
42.2 43.9
88.3 14.1
35.6 60.7
43.6 44.8
65.5 4.5
76.2 18.1
40.2 64.7
59.7 94.7
73.7 96.2
31.0 25.8
20.9 11.1
5.7 1.5
86.1 58.8
31.5 92.9
40.3 41.2
91.0 25.1

88
3
61.7 75.8
77.8 34.5
13.7 80.1

71
14
61.3 10.4
56.4 23.2
15.4 2.4
45.2 26.7
43.7 29.8
60.8 40.2
35.8 48.6
12.9 47.7
17.7 15.7
44.1 14.1
15.1 49.9
70.2 27.2
6.6 66.1
43.8 37.6

86
3
55.3 62.9
28.3 35.8
10.4 38.4

97
15
28.4 88.9
60.8 94.1
69.4 70.4
1.0 6.3
71.8 6.9
87.2 65.3
10.9 6.2
68.7 23.6
61.3 34.1
38.1 42.6
87.4 96.5
18.7 34.8
31.0 64.2
73.4 31.1
60.8 81.7

69
18
11.9 65.0
59.3 20.6
14.8 39.1
27.2 20.0
19.3 21.5
17.7 19.0
10.8 29.8
47.1 51.7
19.4 6.8
67.6 22.2
39.6 37.1
4.3 24.5
31.7 51.8
43.9 19.9
23.6 50.3
15.6 22.6
57.4 49.4
6.8 33.7

52
5
7.0 3.0
34.9 48.4
33.3 38.8
22.9 44.3
10.7 39.4

65
18
7.0 16.9
51.3 21.3
13.2 10.2
59.5 25.6
55.8 33.7
39.2 60.0
20.5 60.6
46.1 28.6
55.4 38.2
43.4 5.3
29.8 8.6
34.9 54.4
19.8 32.1
47.0 44.4
50.8 6.1
63.7 53.8
37.6 8.4
4.5 15.4

79
15
46.3 73.6
68.5 18.7
34.7 61.5
41.8 43.6
48.8 12.0
39.4 18.1
2.8 76.2
23.7 65.8
33.4 6.3
43.4 32.3
70.3 28.4
2.7 60.5
33.2 46.7
19.2 38.4
51.0 22.2

91
4
83.0 70.6
13.5 17.5
44.8 67.7
54.4 58.4

98
19
48.1 77.4
64.5 69.1
5.0 20.7
22.6 33.5
50.5 70.9
77.8 34.6
81.9 22.9
94.9 87.0
97.4 38.7
15.7 41.3
52.7 62.8
90.4 89.4
26.6 71.8
96.9 53.7
65.8 52.0
72.5 21.0
5.6 7.7
61.9 50.4
10.2 39.7

51
20
14.8 30.2
42.5 1.2
8.7 47.2
1.3 3.8
14.7 47.8
38.9 45.6
26.0 33.7
33.4 21.1
28.7 25.1
28.8 41.7
32.2 43.9
32.2 40.2
28.6 14.1
7.2 41.4
27.2 33.0
22.8 48.0
15.4 49.6
45.7 32.2
1.5 32.0
30.1 7.0

99
20
57.9 70.5
59.8 17.2
89.3 49.4
37.1 98.5
45.1 18.7
73.5 88.6
21.2 19.8
48.7 26.5
60.2 1.1
68.2 17.2
86.0 61.8
10.6 74.0
66.2 17.8
5.5 84.1
75.2 63.3
47.9 8.1
50.3 66.7
5.2 20.1
40.8 84.2
89.5 36.0

62
14
3.1 11.4
13.4 18.9
54.5 24.0
6.2 24.4
53.7 11.8
39.5 25.6
44.1 60.3
10.5 39.7
39.8 22.2
16.7 54.6
39.0 53.4
19.6 15.0
59.1 48.7
37.3 15.7

66
7
37.8 17.5
22.8 27.8
59.9 1.7
16.5 3.8
33.8 50.4
29.9 31.7
60.8 19.7

65
8
23.5 6.0
3.0 54.5
16.4 34.7
15.5 13.6
39.0 42.3
50.5 7.9
41.8 63.2
46.1 63.7

91
11
44.4 59.3
75.2 58.6
73.5 57.5
46.8 15.8
84.4 47.5
11.2 23.3
56.6 71.4
54.7 2.8
90.5 69.8
63.9 8.2
5.8 86.9

94
13
73.5 13.8
38.6 34.2
74.6 57.3
9.4 59.0
90.3 51.8
29.6 79.9
39.6 32.9
20.3 45.6
44.1 2.3
85.2 91.0
85.8 49.8
82.5 82.5
1.0 36.3

71
12
25.2 31.1
53.6 27.4
2.4 7.3
52.3 51.7
35.3 38.9
14.4 17.8
66.0 51.0
43.5 27.6
52.5 62.2
63.0 46.8
23.7 10.0
58.7 15.9

69
17
12.3 35.2
63.9 41.5
11.9 19.4
9.0 14.1
63.7 28.7
21.8 32.6
57.3 15.8
27.3 11.5
55.6 3.5
29.4 43.4
46.6 30.3
66.9 20.1
15.3 49.5
1.4 54.6
48.2 58.0
57.3 49.9
35.7 27.0

88
15
76.4 74.8
82.2 65.7
73.0 83.7
57.5 19.2
87.7 86.7
42.6 25.6
4.5 6.8
48.4 12.9
12.6 28.4
60.2 33.7
21.9 3.9
31.6 30.8
39.5 77.3
35.8 82.7
41.3 47.5

53
19
45.3 13.0
27.0 50.7
7.3 41.7
40.1 33.7
24.6 21.0
41.6 12.2
29.1 3.5
45.0 4.3
30.8 18.7
46.4 26.4
50.6 41.4
27.3 43.6
12.7 4.3
28.8 20.6
33.6 1.2
42.3 40.3
43.2 47.1
41.5 28.5
1.0 28.0

65
13
33.8 2.4
25.7 31.4
2.2 17.5
32.5 57.8
33.6 50.4
13.8 17.8
14.3 43.9
32.3 1.4
41.6 35.9
55.1 3.0
16.4 38.3
63.7 21.5
40.3 17.3

70
18
15.6 22.5
61.9 10.0
27.1 49.2
40.0 2.3
5.1 5.7
37.8 7.5
8.0 8.3
31.3 51.4
20.5 31.8
19.8 20.2
7.0 21.3
58.9 14.1
35.9 36.7
11.0 53.4
63.0 12.8
64.2 24.3
59.3 36.6
23.3 31.8

52
19
11.4 44.2
8.7 21.2
19.2 22.3
8.3 20.8
11.2 36.3
21.4 3.7
47.5 15.1
29.8 21.8
31.0 17.4
30.0 43.3
19.4 30.6
9.4 4.4
24.7 27.8
27.7 2.0
29.8 33.3
30.2 7.4
34.7 39.9
28.2 41.6
43.9 51.7

83
19
31.1 80.6
74.5 30.9
74.7 25.6
58.6 31.1
2.2 14.7
24.9 27.0
41.0 43.7
27.7 26.4
44.9 34.7
10.2 30.5
52.3 47.1
60.8 1.1
6.5 71.4
80.1 70.5
37.6 27.2
56.4 54.9
3.7 25.4
18.0 45.5
9.6 68.0

63
11
25.5 12.9
18.6 7.0
41.3 7.1
34.3 55.1
33.3 27.9
48.8 23.3
60.1 59.9
60.8 38.5
26.9 40.4
47.1 46.1
27.1 9.6

69
15
35.9 15.0
16.0 25.8
48.2 54.7
56.2 64.7
12.9 26.7
16.1 61.6
54.2 37.9
4.3 13.7
21.4 49.0
53.0 61.8
15.6 30.3
40.4 32.1
27.8 32.8
61.5 64.0
26.0 41.3

69
18
7.5 11.9
25.2 20.6
47.5 47.6
32.8 62.6
35.1 59.6
13.8 29.7
12.4 68.8
68.2 34.6
49.0 57.2
1.5 48.0
40.5 11.3
13.3 58.8
57.3 41.0
7.2 23.2
10.6 3.0
8.7 55.4
42.5 28.9
52.1 23.0

51
14
21.1 10.4
28.6 33.4
17.3 32.3
15.7 41.4
9.6 19.4
39.3 43.4
43.4 21.4
43.2 45.3
12.5 25.1
26.3 48.5
35.3 3.7
30.4 3.0
12.6 46.3
37.3 37.0

56
14
31.0 43.4
31.4 2.5
30.3 33.5
8.5 36.2
32.0 11.0
45.5 27.9
22.6 34.9
24.9 19.4
55.1 39.5
12.9 55.8
29.4 21.9
10.7 50.1
53.6 17.1
51.3 5.1

66
7
62.0 59.8
57.6 28.7
65.7 16.8
45.8 16.8
26.5 28.2
56.5 19.6
57.8 17.4

97
18
16.3 3.6
46.9 31.6
10.5 41.9
85.1 29.4
26.1 51.1
31.5 58.0
5.7 77.1
40.1 71.4
61.8 10.7
92.4 31.5
11.6 53.1
35.0 53.8
94.5 12.4
22.1 39.3
13.6 70.7
87.6 22.0
94.1 24.8
65.6 10.5

98
2
1.5 24.5
19.8 55.6

67
2
55.9 52.8
28.1 53.2

61
14
32.7 52.3
17.2 28.2
37.2 39.9
16.0 28.1
18.7 19.3
6.7 46.9
26.5 8.7
25.4 15.8
2.3 18.9
59.4 36.9
59.9 49.7
48.6 24.9
5.0 28.8
19.1 37.2

81
20
35.4 5.3
67.9 61.5
1.1 18.9
59.9 42.8
38.4 46.8
73.5 17.0
67.2 30.3
36.7 28.2
80.2 46.3
15.4 78.8
68.7 33.3
31.7 25.4
17.7 14.4
25.0 64.4
40.4 41.0
36.8 63.8
76.2 40.4
71.7 5.8
11.4 27.3
67.2 47.0

54
15
15.3 15.2
43.7 18.1
31.9 6.1
14.2 49.8
43.1 37.4
5.5 53.4
50.6 22.5
47.6 41.0
51.5 35.4
52.9 34.5
52.2 21.5
27.4 22.4
38.3 45.2
6.0 1.0
14.2 8.1

96
20
43.3 94.7
20.8 13.6
32.9 72.3
31.1 18.8
58.6 49.4
56.3 75.4
54.3 49.1
15.8 23.2
66.4 48.4
46.1 21.9
47.4 78.9
1.8 34.8
7.5 7.2
71.2 50.5
61.6 10.0
38.6 92.5
10.3 65.6
87.5 94.1
49.8 66.2
27.9 68.7

67
14
38.4 56.6
26.7 10.8
55.5 21.4
25.0 19.6
64.3 6.4
44.6 65.8
40.2 29.2
65.8 53.0
48.7 61.1
26.1 50.2
49.8 21.5
20.7 36.3
18.1 48.0
37.1 7.0

77
12
24.0 40.6
57.3 29.4
45.7 76.7
26.3 59.1
59.7 68.6
63.3 23.2
40.0 61.4
25.8 57.4
29.3 61.2
33.6 30.1
25.1 56.3
73.9 34.0

59
6
24.0 7.3
28.2 26.1
2.1 49.8
7.1 4.1
3.9 51.2
58.0 20.0

63
11
5.5 50.0
27.0 13.8
40.6 17.6
4.9 34.5
46.1 29.2
2.1 52.5
1.9 62.2
14.8 12.2
43.1 3.3
34.9 13.3
59.8 29.4

88
15
18.3 46.4
58.4 27.6
59.0 40.7
29.1 35.7
56.4 86.6
79.8 46.9
20.4 70.4
11.6 63.7
6.7 62.4
30.4 39.7
66.4 69.1
86.8 35.2
54.1 19.8
40.6 28.6
35.9 54.5

82
4
11.0 29.5
46.7 76.0
41.1 69.4
66.9 31.6

88
8
15.5 18.1
85.8 17.2
59.1 53.8
14.5 79.1
44.5 68.0
8.0 55.7
7.0 39.4
39.3 27.3

91
9
88.6 30.0
26.6 31.8
60.1 25.6
65.8 54.3
56.7 38.2
60.9 1.3
44.6 64.8
35.1 74.6
55.7 9.5

58
11
34.5 6.3
57.2 55.7
53.3 8.6
2.6 36.1
29.5 13.2
26.4 48.1
38.6 22.1
21.8 56.4
43.1 47.7
29.0 1.5
15.7 11.8

77
2
33.4 45.7
64.1 40.0

84
7
5.7 5.9
15.4 10.1
41.5 39.9
80.8 27.5
61.0 31.8
57.6 51.0
60.8 64.2

56
18
30.5 29.9
13.2 50.4
42.1 5.8
17.6 37.3
34.5 19.5
48.9 52.1
24.5 8.6
44.4 5.8
8.4 21.9
44.9 5.8
35.9 17.3
31.1 33.1
14.0 4.9
11.5 20.8
47.8 32.1
54.2 12.8
25.5 2.8
38.6 33.8

83
5
9.4 49.4
37.4 56.4
16.6 80.2
50.1 68.4
78.7 46.3

60
7
47.8 15.2
20.5 16.7
10.2 29.7
59.6 18.1
49.9 54.3
22.1 57.1
31.6 49.8

69
5
26.2 23.0
2.0 47.0
34.4 55.7
9.0 55.9
38.3 11.6

70
3
51.3 45.7
18.9 9.3
27.9 43.7

78
7
60.1 2.6
77.9 60.8
33.5 54.8
59.3 75.8
49.0 46.2
10.3 76.2
21.7 53.1

74
4
58.7 12.1
7.9 7.7
1.1 27.0
64.6 28.4

85
8
37.4 39.0
19.6 35.2
68.2 61.0
74.4 4.6
68.0 80.2
83.3 43.7
35.7 21.1
80.3 52.9

50
20
39.3 40.8
20.0 5.8
5.1 15.2
7.5 41.8
28.6 12.0
33.3 15.1
13.8 17.7
5.3 13.9
25.5 32.7
28.5 49.5
28.3 10.3
4.6 39.8
16.5 14.1
37.4 2.1
44.2 3.2
1.0 40.6
27.9 18.1
41.3 9.2
42.0 47.8
36.7 33.5

82
5
18.7 34.9
73.2 44.5
43.9 26.6
75.4 72.9
72.6 54.3

54
5
37.7 15.0
13.7 34.7
3.5 35.1
50.9 35.7
24.0 19.2

94
7
39.2 41.0
79.0 38.5
61.5 64.3
39.8 45.0
81.5 51.4
68.6 51.2
55.8 82.9

54
8
31.0 4.1
15.0 10.2
50.8 19.5
6.4 34.9
15.4 46.7
7.8 33.1
40.0 25.0
28.2 32.4

63
7
20.9 9.1
32.2 18.3
24.8 1.6
27.3 40.9
55.1 44.4
1.1 49.7
18.8 22.6

76
15
65.2 14.1
51.5 13.5
40.8 36.0
36.8 19.3
41.8 72.6
23.2 38.5
8.1 25.4
34.9 19.6
41.4 33.7
33.9 66.5
48.0 28.5
67.1 34.9
75.0 16.8
44.9 11.3
60.2 9.1

66
6
25.3 24.5
13.5 6.4
63.2 38.2
34.2 14.0
16.6 33.8
54.1 20.9

51
5
38.2 12.7
28.4 14.1
1.0 24.2
26.1 12.5
18.2 43.1

84
8
10.9 28.0
25.8 62.1
44.6 65.4
19.0 49.2
64.1 18.3
51.5 4.0
83.5 41.0
16.3 53.5

62
16
8.0 48.6
21.3 59.8
48.5 44.9
59.7 1.4
32.5 52.8
54.5 30.3
2.1 3.3
28.3 12.7
50.4 29.1
58.3 44.6
52.2 3.6
11.0 46.9
58.1 20.4
17.0 51.1
41.9 53.8
28.3 2.6

81
10
52.6 35.7
16.0 26.7
66.7 72.4
57.2 41.1
46.8 62.8
32.6 29.9
2.2 68.1
60.1 50.2
57.5 44.0
23.3 21.4

65
9
59.8 41.6
42.7 46.7
42.9 9.8
50.0 27.6
46.4 55.0
45.2 21.5
54.3 22.3
13.1 24.9
4.9 45.2

90
14
89.7 47.5
62.8 85.5
32.6 35.5
24.2 19.6
89.1 72.5
41.6 26.7
77.4 83.2
1.3 19.4
62.7 64.6
23.6 20.7
47.8 50.0
80.0 40.2
85.1 76.0
59.1 30.1

74
20
24.8 40.4
7.1 59.9
16.1 19.5
69.7 54.6
47.2 4.6
55.0 18.5
23.5 40.4
68.8 60.6
34.6 64.3
5.5 7.0
11.4 23.6
6.1 25.3
25.9 72.9
54.3 39.1
39.5 44.8
1.1 20.7
56.7 31.0
27.8 26.8
49.4 40.3
23.8 37.8

88
13
66.0 14.5
13.7 38.2
73.5 21.4
52.5 64.9
39.8 84.9
73.4 16.0
66.2 12.0
59.0 12.6
20.0 72.3
66.1 85.2
44.8 79.3
61.4 35.7
20.5 44.0

78
19
51.2 20.9
50.6 69.5
49.0 77.4
25.7 20.2
40.3 62.9
48.4 66.6
68.6 50.0
30.8 6.3
9.0 25.3
49.3 13.5
50.4 49.0
57.7 43.4
63.9 23.7
31.5 44.4
34.9 10.3
77.5 27.7
6.6 17.7
45.2 34.6
71.4 63.9

66
4
21.8 18.2
5.4 18.3
51.4 31.4
23.1 28.8

97
14
22.5 64.9
35.9 52.1
60.3 85.8
89.8 18.3
57.0 24.6
64.6 25.0
7.1 86.4
56.8 63.1
55.7 42.7
56.7 74.2
92.3 12.7
21.9 21.6
50.2 34.2
39.5 89.7

97
17
87.1 57.0
28.5 18.9
63.0 7.4
85.0 22.6
53.4 45.5
78.5 51.9
20.1 23.4
71.6 4.1
72.1 71.9
42.9 17.3
34.2 7.7
53.3 1.0
10.7 54.0
65.7 14.6
60.6 8.4
20.2 93.1
54.3 46.5

73
6
1.5 64.2
53.7 19.6
6.0 30.8
18.9 2.9
67.9 3.0
50.4 64.7

81
9
18.6 29.3
54.7 68.3
77.1 67.6
69.1 24.4
3.7 71.7
68.8 77.9
75.2 25.4
20.7 28.3
42.2 75.6

95
10
25.4 12.0
4.5 64.5
3.9 82.9
80.4 10.1
11.6 53.5
92.2 9.7
73.5 50.3
44.4 74.3
68.1 69.1
90.2 18.5

92
15
29.5 69.8
20.8 71.3
45.5 59.5
64.3 72.5
83.6 28.9
77.3 71.3
72.5 29.9
16.3 67.9
42.2 80.3
28.1 90.4
56.2 57.9
64.8 5.8
27.9 80.5
84.0 89.8
32.1 37.8

97
14
5.1 27.4
1.3 46.5
23.1 65.7
46.3 12.7
76.9 86.6
54.5 94.0
4.9 80.2
69.1 68.9
90.5 21.4
48.0 31.2
77.7 85.9
71.9 41.7
60.8 65.3
59.1 37.4

78
8
71.0 48.9
51.0 70.0
48.6 10.7
7.4 36.0
32.0 72.4
35.9 50.7
44.7 73.5
42.5 74.8

88
11
38.8 34.4
20.8 65.7
63.3 55.7
19.1 40.5
31.5 71.9
85.4 52.9
58.0 17.4
75.7 37.4
4.6 7.5
20.6 80.0
25.4 77.4

97
16
46.0 61.1
39.8 71.8
70.7 30.8
24.2 60.5
43.0 27.1
71.7 47.6
31.1 3.7
49.9 30.7
57.3 55.2
43.1 43.9
51.0 63.9
57.8 9.2
3.3 94.7
72.1 36.7
29.4 27.7
55.6 69.1

62
20
36.9 29.1
9.8 53.6
19.0 33.5
6.2 26.8
10.2 29.8
15.2 47.3
61.6 48.9
49.3 43.0
2.2 7.7
24.8 54.7
47.7 59.2
21.7 10.7
40.8 19.5
30.4 43.8
24.9 21.6
50.2 61.3
41.7 61.0
51.5 26.0
15.7 34.1
44.9 50.6

93
2
26.6 61.4
41.0 40.1

76
19
21.2 54.6
59.9 55.7
23.7 23.0
51.1 36.1
12.0 10.8
57.9 11.2
22.6 50.2
22.1 16.1
26.3 20.1
75.1 53.5
51.4 20.6
64.7 39.4
33.9 37.6
22.2 18.3
60.2 16.7
26.6 57.0
46.2 61.9
37.7 69.4
48.3 34.1

72
11
12.2 20.9
3.1 4.6
39.3 30.9
11.9 33.4
30.8 49.9
43.0 69.6
52.3 12.7
38.9 36.1
16.8 55.1
43.6 13.9
32.1 68.2

68
4
3.1 18.6
26.6 38.1
13.6 33.9
34.4 32.9

89
17
64.6 38.8
2.3 64.7
40.7 14.8
22.8 19.7
52.5 2.7
7.0 73.6
3.2 32.6
13.7 14.6
81.1 28.7
52.1 29.3
59.5 55.3
24.5 80.3
74.9 19.7
25.5 14.1
41.5 77.6
80.6 29.1
43.1 42.5

53
15
32.4 11.8
27.5 35.7
23.0 15.4
49.6 15.3
30.2 30.0
36.1 44.3
19.8 48.6
39.5 11.1
44.9 51.0
7.0 19.0
28.2 29.8
23.1 39.5
41.2 47.7
36.8 49.3
12.0 44.5

78
18
32.4 29.0
36.4 16.2
46.5 17.4
23.3 72.1
68.7 7.0
29.9 37.4
47.7 13.0
62.8 53.3
69.9 57.9
56.9 38.3
40.2 77.0
57.2 46.0
68.8 19.5
69.1 26.9
57.2 45.6
77.8 36.4
56.5 30.2
10.4 56.2

73
7
17.4 31.7
5.5 70.5
45.4 14.2
39.8 68.7
29.4 56.2
45.7 54.3
20.2 45.7

98
14
11.9 22.6
60.3 10.3
71.8 59.3
75.0 87.0
62.7 40.4
56.8 65.8
52.8 31.5
9.5 19.6
39.0 14.2
71.1 28.9
93.9 64.0
45.5 90.7
6.8 20.9
35.4 24.7

90
11
3.4 61.8
48.2 72.4
76.4 39.0
11.4 54.3
21.9 41.3
40.1 8.5
55.8 1.2
27.3 35.2
6.3 47.3
3.8 86.2
20.3 10.2

78
15
3.9 20.9
37.7 14.2
37.5 13.5
10.3 30.1
58.8 21.5
51.7 62.5
21.1 14.2
22.2 3.0
47.4 68.9
65.7 53.7
56.5 39.4
41.9 71.5
19.4 52.8
38.1 46.9
55.0 50.1

85
6
48.8 56.1
45.1 29.8
20.2 74.1
59.4 83.5
83.2 17.4
81.4 54.9

90
8
20.1 1.2
78.2 55.3
57.2 15.1
33.3 78.9
25.0 33.2
3.6 73.8
5.8 59.5
5.9 25.2

60
20
4.9 48.3
21.1 47.3
9.0 5.5
56.5 59.5
46.8 38.1
42.6 25.3
48.8 28.6
43.5 53.4
10.2 46.8
31.4 47.1
28.4 15.7
22.6 57.7
19.3 57.6
39.3 23.8
52.8 2.3
53.1 59.7
50.4 11.1
47.5 8.6
38.6 2.5
51.6 17.9

68
11
45.3 16.2
64.4 63.6
42.0 3.3
19.4 45.0
10.9 16.3
17.2 14.9
2.8 33.6
49.3 44.8
61.1 54.8
35.5 10.1
10.3 2.9

68
2
36.4 67.6
22.9 16.4

95
20
85.6 2.0
51.3 94.5
2.7 84.9
23.6 28.2
83.3 17.0
83.4 46.7
85.7 60.2
61.2 74.4
26.3 53.7
63.9 2.7
77.2 26.2
15.6 4.6
38.8 46.9
66.5 59.4
36.3 13.6
1.4 54.9
42.4 41.1
53.2 52.5
50.7 58.9
88.2 1.8

59
9
57.9 49.1
30.4 31.7
18.4 16.7
42.0 24.1
58.3 36.0
38.7 10.4
35.1 11.4
13.5 12.6
25.3 34.1

57
6
7.2 53.7
8.8 43.0
38.2 49.8
22.8 15.2
39.7 42.7
13.8 4.0

86
9
54.8 16.2
10.1 11.3
36.9 2.7
7.3 38.0
43.3 52.1
11.0 74.6
69.6 84.8
28.8 50.4
77.4 50.4

55
5
48.8 50.9
45.7 29.3
11.4 11.8
49.6 17.4
30.6 40.2

80
18
31.9 38.9
5.2 23.4
61.1 79.7
14.5 59.9
65.8 30.8
71.6 60.0
46.8 15.6
45.7 79.5
50.7 54.8
71.2 3.9
70.7 74.7
70.2 33.8
57.6 25.6
63.2 69.5
35.5 62.0
8.8 50.5
44.7 20.4
15.3 24.9

68
9
59.2 45.4
35.6 16.2
18.2 29.7
16.6 10.5
44.6 54.1
37.2 1.4
16.1 3.8
51.3 47.5
10.0 47.8

95
19
43.6 25.1
14.1 50.8
28.3 32.0
70.1 88.0
71.4 82.6
90.1 62.7
49.5 20.1
66.9 64.0
29.7 56.0
84.5 50.4
91.1 69.1
22.3 85.5
75.4 67.2
36.1 56.1
47.7 43.0
31.6 37.3
66.9 9.4
33.6 89.0
40.0 44.3

92
6
67.5 15.4
87.7 31.9
56.7 8.0
30.5 47.0
16.4 87.2
45.5 77.9

50
12
43.9 46.3
44.2 12.2
16.5 23.2
14.9 30.3
20.9 3.2
42.1 29.4
12.8 46.2
37.0 28.7
15.1 26.9
11.6 1.2
6.7 11.6
6.9 24.9

74
20
26.1 50.5
53.7 9.9
70.5 64.9
37.8 17.0
34.6 16.8
58.7 51.3
69.7 39.9
25.5 4.7
29.8 41.4
44.4 37.2
12.3 28.0
56.8 16.3
9.5 59.1
21.6 8.4
16.4 63.8
56.3 58.5
24.1 71.4
2.2 25.3
8.4 44.4
73.5 47.7

88
20
71.6 35.1
54.6 14.2
21.9 56.4
82.2 29.3
19.8 53.8
44.5 16.7
11.7 30.1
58.2 56.2
49.8 63.2
27.3 85.8
68.9 22.7
58.8 48.7
72.1 69.4
16.1 15.5
54.9 18.6
30.3 23.0
77.4 59.2
9.9 85.5
70.9 58.5
44.4 5.1

59
8
9.9 12.5
9.4 10.1
31.7 51.7
52.4 50.9
17.5 50.7
36.3 52.8
18.0 32.8
50.6 48.0

76
9
10.0 68.7
45.2 57.1
18.6 8.8
65.0 70.2
25.9 62.8
51.8 73.5
75.4 45.9
33.8 66.7
21.5 70.8

59
18
39.0 34.5
37.7 27.4
25.2 29.0
17.0 43.9
18.2 15.5
18.3 2.0
15.1 30.1
9.7 51.7
54.7 15.4
12.4 50.9
37.8 55.2
13.7 19.2
33.4 11.8
42.6 58.9
53.5 16.0
57.9 48.0
17.9 58.3
42.9 39.0

64
9
32.5 16.3
13.9 16.2
17.4 39.4
2.3 24.9
47.0 46.3
33.5 3.2
60.5 37.4
16.4 4.3
36.8 1.5

59
8
45.5 11.3
30.6 9.1
35.0 41.1
51.7 40.8
32.4 33.5
8.5 21.2
30.2 41.4
51.1 58.6

97
11
58.1 11.5
1.8 33.0
46.8 48.9
54.0 55.7
44.2 12.6
22.0 52.5
49.4 60.3
36.2 83.6
86.9 81.0
71.9 62.6
55.2 81.0

50
11
39.8 3.6
24.7 46.5
21.9 3.4
33.2 2.8
43.9 35.9
32.6 22.0
47.1 46.9
5.1 9.8
20.4 1.4
4.3 19.4
6.5 17.0

92
9
20.6 31.2
38.4 5.4
77.2 88.2
30.5 60.9
56.3 67.9
76.6 34.5
12.9 6.7
32.9 66.5
23.1 52.4

64
7
46.8 28.2
63.2 37.0
18.6 19.2
61.0 31.3
13.6 25.1
34.7 37.9
7.4 54.9

55
2
49.3 44.9
27.3 16.7

58
9
16.2 32.4
1.0 14.1
30.1 22.6
40.0 44.7
52.1 6.0
3.5 33.9
21.3 33.0
11.6 14.4
10.7 32.6

52
2
20.9 21.8
40.6 11.7

93
15
73.6 76.5
62.4 6.5
12.0 55.5
32.0 17.9
45.7 43.6
15.0 2.0
35.2 23.8
14.2 21.9
18.8 15.9
73.6 14.9
63.5 29.2
52.4 6.9
79.0 74.9
41.6 1.4
42.6 16.2

68
13
22.6 11.0
29.7 46.4
42.3 64.0
35.6 64.4
21.0 15.4
13.4 67.5
18.8 32.3
23.9 17.2
41.9 6.1
57.5 7.7
50.9 23.3
32.4 51.2
25.5 56.3

54
14
44.1 34.9
9.5 38.2
28.3 6.7
13.4 4.2
27.3 20.5
37.5 52.1
45.2 8.8
42.9 24.8
4.1 16.7
45.9 13.9
11.4 47.8
44.0 20.3
7.6 21.0
1.9 27.4

97
15
96.6 40.0
60.9 5.8
47.5 96.3
51.9 47.3
51.0 88.6
42.5 70.9
85.0 38.6
40.0 85.9
28.3 64.8
73.6 1.2
95.0 74.1
17.3 84.4
53.8 47.9
2.5 91.8
82.3 88.0

78
6
32.0 51.6
57.4 48.9
20.3 8.6
33.7 37.3
69.9 49.0
62.8 14.2

74
7
59.0 72.1
53.7 54.1
38.9 46.1
1.3 47.2
10.9 9.9
41.0 40.9
6.7 47.7

67
13
35.3 23.4
46.2 31.8
62.9 66.8
56.7 22.5
40.0 50.1
21.5 38.9
62.2 6.7
43.5 23.4
56.1 2.6
42.6 9.9
22.9 62.2
4.9 28.9
34.9 25.8

61
3
13.7 40.0
47.6 51.7
43.0 17.0

87
7
18.9 68.9
85.4 75.3
45.8 9.9
8.7 8.6
40.2 78.0
33.4 29.4
41.8 38.5

88
15
82.3 61.4
43.6 54.4
25.1 8.9
20.2 48.7
4.2 3.0
60.2 51.9
53.6 79.8
72.9 78.4
39.4 58.6
82.9 11.2
67.1 43.8
6.8 34.9
40.2 26.9
64.2 34.1
51.9 79.1

96
8
72.4 1.4
80.9 62.8
44.3 48.4
9.0 36.9
63.7 40.7
94.5 29.5
36.0 60.9
26.0 95.0

99
19
84.4 87.1
19.8 24.9
33.0 50.0
29.4 18.0
63.1 85.4
62.6 94.1
33.8 75.0
7.4 62.5
42.4 16.9
11.6 58.2
78.9 70.9
59.2 33.7
6.0 16.6
32.0 54.2
34.8 25.8
19.6 66.6
37.2 2.6
24.6 6.3
92.6 66.2

99
19
65.2 90.4
65.8 97.9
1.2 87.1
32.3 47.5
88.0 49.3
11.1 22.8
39.2 73.3
36.1 52.9
2.8 91.7
91.9 98.2
73.4 50.5
8.2 84.8
15.4 41.1
14.3 69.6
25.5 57.2
43.5 32.8
82.3 58.5
87.3 49.5
24.9 30.5
